3676
2 2 34
5 4 18
6 2 4229
7 5 89
8 6 3
9 7 4230
9 6 16
10 7 560
11 4 164
17 9 4233
18 10 0
18 6 14
18 4 4234
22 10 1015
22 4 4229
24 4 4237
25 4 744
26 6 19
27 4 40
28 6 102
29 13 1855
30 4 128
31 2 4238
33 2 125
33 4 35
36 4 2007
38 10 40
40 5 4235
40 6 43
40 4 4245
41 4 164
44 13 4229
46 4 84
47 4 4247
48 4 141
48 4 49
50 2 4249
50 19 4250
50 19 4251
51 5 258
51 4 4229
54 4 104
54 4 1793
55 4 4254
56 7 70
58 4 841
60 5 61
65 4 4260
66 2 389
67 10 40
71 9 64
72 7 75
73 4 63
74 13 98
74 19 4268
76 13 1171
77 4 45
78 10 84
80 10 99
80 4 1549
82 2 1799
82 4 87
84 5 81
84 4 43
84 4 40
87 4 128
87 4 97
88 2 132
91 6 94
92 10 145
93 10 0
93 10 84
93 6 79
95 4 4280
97 2 278
99 4 4282
102 10 84
102 4 4284
103 4 39
104 4 767
104 4 1793
106 10 84
107 6 15
110 13 135
110 2 634
111 6 864
113 6 112
114 5 115
115 5 116
116 5 560
117 4 4286
119 10 84
122 4 123
124 10 84
124 4 847
124 4 4287
125 4 47
127 13 4288
129 2 399
129 10 131
131 2 399
131 4 108
132 10 84
132 4 46
133 4 338
134 2 144
134 10 40
136 6 4291
137 4 150
139 2 191
139 6 109
140 10 40
141 4 13
142 5 418
144 10 40
144 4 556
146 4 4294
148 6 147
149 4 4295
150 4 4296
152 4 206
155 13 167
156 10 40
157 13 163
162 4 159
164 5 1170
164 4 691
164 4 93
164 4 27
165 10 145
165 10 92
165 4 4302
167 4 4304
167 4 380
169 13 4305
169 13 4306
169 9 4307
170 6 105
172 4 171
173 4 318
176 10 4309
177 4 174
177 4 191
178 4 158
180 4 168
183 2 240
184 2 210
185 6 182
188 25 187
188 25 186
188 25 185
188 25 182
188 25 181
190 4 177
190 4 4310
191 4 174
191 4 190
192 10 238
196 9 601
197 4 611
199 4 707
204 4 201
206 4 4314
208 4 583
208 4 704
209 4 258
210 4 174
210 4 177
211 13 4315
212 9 593
213 9 593
215 4 1699
217 4 1165
223 2 266
224 5 219
225 2 665
226 4 753
227 4 989
227 4 243
227 4 1784
230 6 218
230 4 592
230 4 510
231 4 890
232 4 260
234 4 253
239 2 260
241 7 249
242 4 2248
242 4 216
244 6 4321
245 4 260
246 7 249
247 6 85
248 10 4322
250 4 1015
250 4 189
251 4 252
254 4 92
255 4 257
257 4 354
258 4 366
258 4 101
263 2 399
264 4 262
267 4 229
268 2 779
272 6 160
272 4 178
277 4 270
278 4 4328
280 2 502
281 2 519
281 4 276
282 19 354
284 2 4330
284 4 4331
285 2 358
286 10 265
287 19 4334
288 5 4335
289 2 304
290 5 295
290 5 293
294 4 577
296 2 305
296 4 192
297 10 4336
298 4 577
299 2 311
301 4 485
301 4 4337
302 4 303
303 4 4338
306 4 598
306 4 309
306 4 308
306 4 307
310 4 4339
312 19 4340
313 10 1353
313 10 324
313 9 23
315 13 627
317 2 515
318 4 283
319 4 318
320 2 358
321 4 195
326 13 707
327 4 315
327 4 4344
327 4 314
327 4 4345
327 4 688
327 4 627
327 4 4346
327 4 4347
328 5 316
331 9 4348
332 13 350
332 13 349
332 13 336
332 4 272
333 10 398
334 4 161
334 4 325
335 2 653
337 10 84
337 4 4349
339 5 340
339 5 329
339 5 4350
339 5 4351
339 10 4352
339 4 447
339 4 330
340 13 445
341 4 391
343 13 1955
344 4 401
345 4 253
347 4 37
348 2 388
348 2 353
349 25 336
354 4 83
354 4 4357
355 2 4358
356 4 4359
358 4 4360
360 4 214
361 6 130
361 4 4349
363 6 362
364 4 4364
365 4 372
367 4 373
368 4 767
368 4 373
369 2 413
370 4 890
371 4 1118
373 5 707
373 2 767
374 4 273
376 6 228
378 4 388
379 2 767
382 13 415
384 2 767
385 13 4363
386 4 164
387 4 510
388 4 4368
395 4 448
396 4 448
399 10 1799
400 6 4370
401 6 4371
401 4 4372
402 13 621
407 4 668
411 4 621
412 6 455
417 10 398
417 4 271
418 6 419
422 5 4330
424 2 621
424 9 414
424 9 409
424 9 411
425 4 406
425 4 4372
428 10 4
428 10 7
428 10 4376
428 4 4
429 2 481
430 4 488
432 13 519
436 13 519
438 6 477
439 4 147
440 6 477
443 9 539
444 13 496
447 5 338
447 4 684
448 6 467
450 9 449
452 4 575
454 6 393
454 4 431
454 4 4337
457 13 532
457 13 4381
458 6 121
459 10 2192
459 10 4383
461 2 496
461 4 444
462 13 481
464 2 2460
465 13 510
468 5 347
468 4 37
469 2 498
471 4 466
473 13 481
473 4 462
474 2 480
475 4 495
476 4 4385
477 4 352
477 4 350
477 4 349
479 4 4387
486 10 84
486 6 79
487 6 482
488 6 503
488 4 1191
488 4 138
488 4 90
488 4 4390
489 13 957
491 2 538
492 4 4396
492 4 620
493 13 4397
493 6 495
494 13 540
494 4 4399
495 13 1252
497 13 512
498 4 4401
498 4 4402
498 4 4403
500 4 4405
501 13 4406
504 13 1715
504 13 1131
505 2 549
506 13 720
508 4 456
509 2 4381
510 4 460
510 4 426
510 4 4407
511 6 547
512 4 442
512 4 501
513 2 514
514 6 279
520 4 580
522 2 4413
522 4 508
523 2 4381
524 2 3349
524 6 763
525 13 4414
526 4 4415
526 4 686
527 4 2080
527 4 1174
527 4 251
527 4 686
527 4 1260
527 4 867
528 4 686
529 4 693
529 4 686
532 2 4381
535 4 4419
536 13 4421
540 4 4423
543 19 4381
545 4 667
546 4 2193
546 4 4425
548 10 555
550 9 592
551 2 562
552 7 613
552 4 771
555 10 543
555 10 4426
555 4 537
556 4 203
556 4 134
556 4 68
558 7 560
558 4 4428
559 4 207
560 5 460
561 13 590
561 6 446
565 7 566
566 4 4473
567 4 4474
568 25 4475
568 4 4476
569 2 747
570 4 559
571 4 1609
571 4 516
573 6 572
576 2 4439
577 10 454
577 9 599
579 13 2181
581 4 4481
582 4 4482
583 4 4280
584 2 711
586 2 645
587 2 907
591 9 601
591 9 593
592 4 510
592 4 426
593 5 200
593 9 601
594 4 4486
595 6 392
595 4 530
595 4 153
596 13 1079
597 10 4489
600 4 497
604 9 602
605 2 911
608 4 497
609 9 607
610 4 497
612 2 4424
612 6 542
612 4 4492
613 4 4495
613 4 1987
613 4 4496
614 4 472
615 13 842
615 13 697
615 4 714
615 4 564
615 4 463
615 4 508
616 4 291
620 4 423
621 4 4500
622 4 632
622 4 4501
622 4 4502
624 4 490
625 6 1018
628 4 553
628 4 209
629 4 642
630 4 1536
634 4 4503
637 4 1053
638 13 4505
640 6 4506
641 25 4507
642 4 4508
646 13 690
647 6 453
648 4 589
650 10 4511
650 10 4352
650 10 4512
651 13 661
652 5 1051
655 13 779
655 2 434
657 4 973
658 25 4516
658 4 4488
658 4 849
659 13 992
660 2 847
660 4 4517
662 4 1040
663 4 1346
664 4 895
669 4 1696
673 2 719
674 4 670
675 10 4523
676 13 735
680 13 3349
682 2 876
683 2 1378
687 4 4526
689 4 1813
690 4 677
693 4 633
693 4 386
693 4 4526
695 6 700
695 4 894
698 2 891
698 4 4529
699 4 4530
700 4 894
702 4 4531
706 6 692
707 4 4533
711 5 708
711 4 2006
712 4 1079
714 6 615
716 4 472
718 2 973
718 4 657
719 13 762
719 6 853
725 4 515
726 5 1098
726 5 393
728 2 762
730 2 913
731 4 764
732 4 2285
732 4 209
737 9 4546
738 4 798
740 6 703
741 4 701
745 4 1353
746 5 4298
746 5 1784
746 4 566
747 4 198
749 4 654
750 4 1149
752 4 774
756 13 957
759 6 639
760 4 849
761 2 4556
762 10 4557
762 4 1104
762 4 1053
763 13 3349
763 6 4558
763 4 680
769 5 785
770 10 4563
770 4 717
770 4 1310
772 6 713
773 10 757
778 5 777
779 10 4567
779 4 1168
780 13 1064
782 13 1258
783 13 1011
784 6 1172
787 4 1084
788 6 787
789 10 4570
791 4 848
792 5 793
795 4 741
799 2 900
800 10 1342
801 4 856
802 4 857
807 13 987
808 4 682
810 2 854
811 10 4359
815 6 4575
816 4 817
818 10 931
821 4 4576
822 2 911
823 4 1817
825 4 1581
825 4 4579
829 4 774
831 4 379
834 13 888
835 2 919
837 4 744
837 4 774
838 2 917
840 4 809
841 5 839
841 4 859
842 4 159
844 4 857
845 4 868
848 4 1629
849 4 354
850 25 819
854 4 743
855 6 833
858 6 859
860 2 4586
861 4 478
861 4 1267
862 13 926
863 13 1124
865 25 820
865 25 766
867 4 4587
867 4 1241
869 6 739
872 10 827
872 4 894
874 4 968
874 4 4589
875 4 357
879 7 937
882 7 1013
883 2 940
884 4 891
887 13 938
890 4 361
891 6 544
891 4 544
893 4 872
894 4 893
894 4 1055
894 4 916
894 4 1421
894 4 961
897 2 950
898 2 1506
899 4 342
901 6 991
907 5 785
909 10 933
909 6 936
910 10 4597
910 4 1011
911 10 907
916 4 4602
916 4 893
918 4 126
919 10 909
921 2 942
922 4 4604
924 4 920
925 4 914
926 4 532
930 13 4607
932 13 4607
932 4 930
934 4 940
936 6 933
936 4 811
938 4 4610
938 4 229
940 4 950
941 4 1369
944 13 4613
945 2 1530
948 4 4614
949 13 4615
949 4 1147
950 4 953
952 13 4616
953 2 1006
953 4 927
954 9 4539
956 2 1043
957 4 973
957 4 1321
957 4 1134
960 2 992
961 10 916
963 6 533
964 4 4424
965 4 774
966 2 1127
967 2 992
967 2 968
969 4 1285
970 4 4620
970 4 2123
971 4 876
972 2 1134
972 10 973
972 4 936
973 4 936
973 4 724
974 13 1422
976 4 1021
978 10 1124
978 4 767
979 2 1116
980 13 987
982 2 1094
984 4 1169
985 4 4623
988 13 1134
988 4 973
990 4 1907
992 4 968
994 6 873
995 2 1099
997 13 1192
1000 7 1008
1003 4 4631
1006 4 1062
1006 4 939
1010 13 4633
1011 10 4635
1011 4 999
1012 13 4636
1013 7 746
1013 7 4404
1016 4 1002
1017 4 1970
1019 4 4646
1020 4 4647
1022 4 998
1022 4 969
1024 10 1342
1024 4 1007
1025 4 1514
1026 13 4648
1026 13 3363
1027 4 925
1027 4 914
1028 4 969
1030 10 4652
1031 4 4653
1032 4 4428
1034 10 1033
1035 4 1034
1036 4 1039
1037 2 1044
1037 9 1048
1038 13 4522
1040 10 4654
1041 13 1680
1042 2 1048
1042 4 684
1043 4 981
1044 9 1048
1046 9 1048
1048 4 441
1050 5 1062
1050 6 929
1050 4 931
1050 4 1060
1051 7 4298
1051 6 346
1051 6 4662
1051 6 259
1051 4 4663
1051 4 4664
1051 4 4665
1051 4 955
1053 10 92
1053 10 4669
1053 6 947
1053 4 1339
1053 4 322
1053 4 1112
1053 4 4557
1054 13 1929
1056 10 1116
1056 4 1057
1058 4 1057
1060 13 1190
1061 4 1161
1062 10 1658
1063 4 969
1065 4 4670
1066 4 814
1068 4 969
1069 4 4671
1070 4 4672
1071 4 4673
1075 19 4675
1076 25 871
1076 4 1135
1076 4 4358
1076 4 871
1077 4 969
1079 10 2378
1079 4 794
1079 4 1661
1079 4 781
1079 4 1261
1081 2 4683
1081 4 4421
1082 10 4684
1082 4 4685
1086 4 1187
1087 10 912
1092 9 1091
1093 5 1173
1094 10 1658
1094 10 1371
1094 4 1352
1095 10 1371
1095 10 1094
1095 4 995
1096 7 1013
1099 6 292
1100 4 1081
1100 4 1103
1101 2 1506
1105 4 4689
1106 6 1101
1107 10 806
1107 6 4690
1107 6 4691
1107 4 4692
1108 13 1487
1110 13 1184
1111 4 975
1112 2 4694
1112 4 1087
1112 4 672
1116 10 1658
1116 4 993
1116 4 1339
1116 4 1212
1116 4 1112
1116 4 959
1117 6 4695
1120 4 1698
1121 10 2378
1122 10 2378
1123 10 1233
1123 4 4699
1124 4 767
1124 4 4700
1126 4 4701
1127 6 1078
1128 13 1243
1130 5 671
1130 10 697
1130 4 619
1130 9 767
1134 4 973
1134 4 936
1135 4 4358
1137 4 4712
1138 4 4713
1138 4 724
1138 4 3147
1139 2 1179
1140 6 521
1142 4 832
1142 4 4700
1142 4 4716
1143 2 1855
1144 4 1184
1148 4 870
1148 4 4718
1149 4 1532
1153 2 1240
1153 4 4358
1154 7 1013
1154 6 1150
1157 13 4723
1157 6 1156
1158 2 1376
1158 6 1175
1160 4 1535
1160 4 111
1160 4 864
1161 4 1279
1161 4 1278
1161 4 1062
1161 4 1417
1162 13 1929
1163 10 1196
1163 10 1151
1163 4 1144
1164 6 1055
1166 13 1287
1166 4 2296
1170 4 1096
1170 4 1171
1170 4 4637
1170 4 746
1173 4 2273
1174 2 1260
1177 4 1089
1177 4 1264
1177 4 1090
1178 2 3077
1179 4 1134
1183 10 2378
1183 6 4731
1183 4 4732
1183 4 1493
1183 4 1516
1183 4 2027
1183 4 1973
1183 4 2378
1183 4 1969
1183 4 4733
1183 4 1513
1183 4 4734
1184 10 4738
1184 4 1163
1185 4 1176
1186 5 4740
1186 5 4741
1186 4 4742
1187 4 729
1188 4 1192
1193 2 1938
1194 4 1210
1195 4 1118
1198 6 4743
1201 6 2286
1201 6 4748
1204 13 4739
1206 4 4750
1207 4 681
1208 6 4375
1209 2 2127
1211 2 4751
1212 4 1339
1214 4 534
1216 4 1219
1218 2 1258
1219 4 4579
1220 2 1232
1221 10 1261
1222 6 1261
1223 4 1174
1224 5 1227
1225 4 4752
1226 13 1281
1226 4 4752
1229 6 1198
1229 4 1228
1231 2 1396
1232 6 4753
1234 13 1929
1235 4 969
1236 2 4424
1237 13 1283
1238 13 1305
1239 4 1068
1239 4 969
1240 2 4358
1242 4 2121
1242 4 1663
1244 4 1246
1247 6 1844
1247 4 1844
1249 4 1377
1251 4 1250
1252 10 4761
1252 4 1155
1252 4 1225
1252 9 4762
1254 13 1190
1254 2 1341
1254 4 1060
1255 4 969
1256 4 969
1257 2 4424
1258 4 4764
1259 2 4424
1259 4 1236
1262 2 1298
1263 5 1227
1265 10 1855
1268 4 1202
1269 4 1251
1270 10 1272
1271 10 1272
1274 2 4776
1275 7 1013
1277 2 1330
1280 4 4778
1281 7 1013
1282 4 4782
1282 4 1258
1282 4 4783
1287 4 1113
1288 4 4785
1291 2 1701
1293 4 911
1293 4 2997
1295 6 1329
1296 4 1286
1298 10 4776
1301 10 4790
1302 10 4791
1303 2 1322
1304 13 1500
1304 13 4794
1304 4 1131
1304 4 1045
1306 5 4797
1307 13 4797
1307 4 1297
1308 10 1123
1309 10 1280
1309 4 1081
1309 4 4799
1309 4 47
1309 4 1506
1309 4 548
1309 4 4778
1309 9 4800
1311 2 4802
1314 2 4805
1314 4 977
1314 4 908
1314 4 4806
1314 4 4807
1315 4 1317
1316 2 4808
1317 25 1315
1318 4 1855
1319 4 1287
1319 4 1166
1319 4 1145
1320 6 359
1321 4 1134
1323 5 1324
1328 4 1353
1328 4 2050
1329 4 1080
1330 10 2378
1330 4 1359
1331 13 4797
1332 13 4812
1335 13 2301
1336 4 1401
1338 13 1962
1339 4 993
1339 4 1161
1339 4 1112
1339 9 1290
1340 4 1357
1341 10 1279
1342 5 762
1342 4 1343
1342 4 812
1343 4 812
1345 6 1133
1349 4 4817
1351 10 4818
1352 10 1658
1352 4 4819
1353 4 748
1354 2 4820
1357 2 4824
1357 4 4823
1359 10 1855
1359 4 1365
1363 4 1335
1363 4 1352
1365 4 1367
1366 2 4825
1366 4 4826
1368 4 4829
1368 4 4830
1369 6 567
1369 4 4831
1369 4 4832
1369 4 4833
1369 4 710
1370 6 4843
1371 10 1217
1374 6 1375
1375 6 1374
1376 4 1175
1378 6 1115
1378 6 1114
1381 4 1395
1381 4 4847
1382 10 1512
1382 4 4849
1382 4 286
1384 4 4850
1388 2 1406
1389 4 4851
1389 4 1424
1391 4 1384
1392 13 4852
1392 4 1424
1393 5 1386
1393 5 1392
1393 4 1385
1395 4 1431
1396 13 2281
1397 5 1401
1400 4 4854
1402 4 1546
1403 10 1429
1406 10 1398
1408 13 4859
1409 5 1408
1409 5 4860
1409 5 4861
1409 5 4862
1409 5 4863
1409 4 1581
1409 4 4864
1409 4 4865
1410 4 1424
1411 4 1424
1412 4 4866
1412 4 1424
1414 4 1424
1418 4 1467
1419 10 1405
1421 4 1164
1422 4 2578
1423 6 1344
1424 4 4873
1426 10 1405
1426 6 1437
1426 6 1399
1426 4 4940
1428 4 1424
1428 4 4920
1430 6 4941
1431 6 52
1431 4 4942
1432 4 1424
1435 4 1424
1436 13 2325
1439 2 1626
1444 9 4945
1447 13 1929
1448 6 685
1450 4 1359
1450 4 1352
1450 4 563
1451 4 4814
1452 4 1701
1456 4 1454
1457 4 1929
1458 4 1459
1459 4 525
1460 4 1455
1461 6 1168
1462 13 1929
1463 10 1285
1463 4 1369
1465 2 4951
1466 4 4952
1469 4 839
1469 4 4953
1470 6 4954
1470 4 4955
1471 4 2007
1472 10 4776
1473 2 1909
1474 13 4956
1475 2 4957
1477 4 1195
1477 4 1118
1478 13 4958
1482 13 1728
1483 2 4960
1484 2 1491
1486 13 1503
1487 10 2369
1487 10 1272
1487 10 1342
1487 6 1362
1487 6 1136
1487 4 4963
1487 9 2369
1488 13 4965
1490 2 1568
1492 10 1703
1492 4 871
1493 4 4734
1495 13 1593
1496 10 1512
1497 4 1230
1498 10 2378
1498 4 4970
1499 25 1494
1504 4 1702
1505 4 4974
1505 4 2014
1505 4 4975
1506 10 1181
1506 10 4818
1506 10 1180
1506 10 4541
1506 4 4228
1506 4 1189
1506 4 4799
1506 4 47
1506 9 1339
1508 10 1512
1513 4 2378
1515 4 4981
1516 2 1777
1517 9 4982
1518 19 120
1519 4 4711
1519 4 1487
1520 6 1519
1522 4 4983
1524 13 2034
1525 4 2215
1527 4 2215
1527 4 1520
1528 4 1594
1530 10 1658
1530 10 1416
1530 4 953
1530 4 1341
1530 4 926
1530 4 244
1531 9 1646
1533 10 1530
1533 4 1395
1533 4 4847
1534 4 4987
1537 4 4988
1538 6 1635
1540 6 1489
1540 4 1500
1543 10 1542
1544 4 1481
1545 4 1533
1545 4 1319
1552 13 4993
1553 4 4994
1554 4 4995
1557 4 2202
1560 4 1276
1560 4 1215
1561 4 1558
1565 4 5000
1567 13 2003
1567 4 1740
1570 10 1539
1574 4 5004
1576 10 2378
1577 4 5006
1579 4 5007
1580 13 1645
1580 4 5008
1581 13 4579
1581 4 5009
1582 13 1699
1583 13 1611
1583 6 5011
1584 4 1909
1585 10 2378
1586 4 5012
1586 4 5013
1588 13 5015
1591 4 1859
1592 4 1562
1593 4 1330
1594 4 1619
1594 4 1603
1595 10 5016
1595 4 2129
1596 10 1658
1597 4 5017
1597 4 5018
1597 4 5014
1598 4 5020
1599 13 5021
1601 6 1604
1603 4 1230
1606 6 2765
1607 6 5022
1608 13 1715
1609 4 4635
1611 10 1683
1615 5 1351
1616 4 5025
1616 4 1614
1619 4 1350
1619 4 1230
1620 6 1923
1621 9 5026
1622 6 4235
1624 6 5028
1625 5 1836
1627 4 1549
1632 4 1010
1634 4 5030
1636 13 1651
1636 6 1651
1637 4 1625
1639 6 1617
1640 10 1405
1641 4 5034
1642 4 4651
1643 4 1571
1643 4 4588
1643 4 5035
1643 4 5003
1645 4 5036
1645 4 5008
1647 13 5038
1648 4 4733
1652 4 1479
1654 13 1742
1655 10 1715
1656 10 1550
1656 4 5041
1656 4 1618
1656 4 5042
1657 4 5044
1658 5 953
1658 5 1050
1658 5 1161
1658 5 1059
1658 5 891
1658 5 883
1658 5 1007
1659 10 2085
1661 10 2378
1661 10 5045
1661 4 5046
1662 5 1671
1663 6 1289
1663 4 1438
1663 4 983
1665 6 5049
1666 4 2429
1667 25 5052
1668 13 5053
1669 10 1756
1669 4 2143
1669 4 1067
1669 4 5055
1669 4 1333
1670 13 2162
1671 25 5056
1672 4 1725
1673 13 5057
1674 4 5058
1677 10 2378
1677 4 1593
1678 4 2338
1679 13 1735
1682 6 5060
1685 13 1802
1688 4 4650
1691 6 2881
1692 10 5067
1692 4 2059
1694 13 1910
1695 4 1623
1698 4 1015
1698 4 4229
1699 4 1693
1701 4 1294
1701 4 1934
1704 4 5076
1706 10 5078
1707 6 5079
1708 10 1703
1709 10 2378
1711 13 5080
1712 25 1547
1712 6 1547
1713 6 5081
1714 13 1793
1715 10 1644
1715 10 5014
1715 6 1644
1715 6 1905
1715 4 1131
1715 4 1130
1716 13 2123
1717 4 5082
1719 10 2176
1719 4 1710
1720 4 5083
1720 4 2718
1726 6 1766
1728 6 1727
1730 4 1960
1731 9 1777
1732 10 2176
1733 5 4794
1733 10 2378
1734 10 5086
1734 4 1751
1735 4 5089
1737 4 1736
1738 4 1748
1738 4 1747
1738 4 5090
1738 4 5091
1741 13 2277
1742 10 1658
1744 13 2083
1745 13 5093
1746 10 2176
1747 4 1683
1748 4 1747
1748 4 1683
1748 4 5063
1749 6 1753
1751 10 5085
1751 10 5095
1751 10 5086
1751 4 1565
1753 6 1875
1755 10 2176
1757 10 2176
1758 13 4960
1759 10 1138
1759 4 5101
1759 4 1722
1760 13 4629
1761 13 2062
1763 4 5109
1763 4 5110
1764 13 2106
1764 10 1887
1764 10 1855
1765 10 1872
1769 13 1806
1771 4 5111
1771 4 5112
1771 4 5113
1771 4 5114
1771 4 5115
1771 4 5116
1771 4 5117
1774 6 5118
1775 4 1309
1776 10 5119
1776 10 5120
1777 10 5122
1778 6 5123
1779 13 5124
1781 5 1745
1781 4 168
1782 10 1858
1782 10 1763
1782 4 603
1783 5 3090
1784 5 1759
1784 4 500
1784 4 118
1785 10 2378
1787 9 5122
1788 13 5134
1788 4 5135
1790 10 1872
1790 4 1859
1792 4 5136
1793 5 5137
1794 10 1796
1795 4 1771
1796 10 1763
1796 6 1649
1796 4 5105
1796 4 5106
1796 4 5107
1798 10 1800
1798 10 2378
1800 4 1773
1803 5 1729
1803 4 4588
1803 4 5035
1807 10 1868
1808 4 1795
1810 4 2754
1811 10 2176
1812 10 1272
1812 4 1848
1813 10 726
1813 4 5143
1814 4 1805
1815 6 1935
1821 10 1703
1822 13 1906
1824 4 1880
1825 13 4797
1826 6 1754
1826 4 1754
1829 4 5145
1830 6 5147
1830 4 1552
1831 13 1970
1831 10 1859
1831 4 5148
1831 4 5149
1832 4 811
1833 4 1677
1834 4 1572
1838 13 2028
1839 4 2023
1839 4 1868
1840 10 5154
1842 10 1859
1844 5 2311
1844 10 1658
1845 13 2017
1847 4 1808
1848 10 1272
1849 4 1843
1851 10 1990
1852 9 1914
1853 6 5020
1855 5 1701
1855 10 5160
1855 4 1233
1855 4 1197
1855 4 1072
1855 4 5161
1855 4 1328
1855 4 1119
1855 4 1123
1855 4 4699
1855 4 5162
1855 4 805
1855 4 5163
1855 4 4754
1858 10 1684
1860 4 2254
1860 4 1850
1861 25 1839
1861 4 2017
1862 10 1859
1864 10 1272
1865 13 5165
1867 4 5166
1868 5 1866
1868 6 5168
1869 13 1963
1869 6 1819
1871 10 2378
1871 10 1859
1872 10 1859
1874 10 5067
1874 10 1703
1874 10 1708
1874 6 1837
1874 4 1573
1876 4 5171
1877 10 5172
1879 4 1878
1880 10 1859
1881 10 1859
1882 25 1871
1883 13 5173
1883 4 5174
1886 13 5176
1887 13 2106
1887 10 1823
1887 4 1712
1887 4 2192
1888 4 4848
1889 10 2176
1890 9 5177
1892 13 2062
1893 13 1907
1894 6 1895
1896 13 2084
1897 4 1891
1898 5 1871
1898 10 2378
1898 6 1882
1900 10 2176
1900 6 1885
1901 10 2176
1902 13 1939
1903 10 2176
1905 4 1910
1906 4 5178
1907 10 1859
1907 4 1911
1907 4 1859
1908 6 5179
1909 10 1638
1909 10 5075
1909 6 1637
1909 4 1637
1910 6 5180
1912 10 2378
1912 4 5182
1915 4 1006
1916 4 1915
1917 13 2084
1918 4 5183
1919 10 1859
1920 13 2084
1921 10 2176
1921 6 1903
1921 4 1813
1922 4 5184
1924 4 5186
1926 10 2176
1927 4 5188
1928 4 5189
1929 6 2107
1929 6 1932
1930 4 5191
1931 10 1859
1933 6 2160
1934 13 5073
1936 13 2696
1936 4 5192
1937 6 1899
1937 4 1899
1938 10 5070
1938 10 1737
1938 6 5193
1940 9 1914
1940 9 1852
1941 13 2040
1942 6 1999
1943 4 5197
1943 4 1279
1946 10 2378
1946 4 1947
1947 10 2378
1949 4 5200
1951 10 2378
1951 4 1957
1952 13 5201
1953 4 5202
1954 4 5203
1956 6 5204
1956 4 5205
1956 4 5204
1957 10 2378
1957 6 2830
1958 10 552
1959 13 2062
1961 4 4688
1964 4 4688
1964 4 5209
1966 6 1523
1968 13 2062
1969 4 5210
1969 4 1973
1971 4 1676
1972 6 2301
1972 4 2011
1973 4 5210
1973 4 1971
1976 13 5215
1977 13 5216
1977 4 5217
1978 13 5218
1978 6 5219
1980 13 2026
1981 13 4977
1981 4 4989
1981 4 1506
1981 4 5209
1982 5 5220
1987 4 5223
1994 13 5225
1994 13 4722
1996 4 5226
1996 4 1958
1996 4 4496
1996 4 5227
1996 4 5228
1996 4 5229
1996 4 5230
1996 4 5231
1996 4 5232
1996 4 5233
1996 4 5234
2000 10 4738
2001 4 1884
2002 10 1703
2003 10 2045
2003 4 1887
2004 10 2035
2005 13 4797
2006 4 1996
2006 4 5237
2007 4 5240
2007 4 2646
2007 4 3147
2009 4 5235
2009 4 2021
2011 6 2301
2015 13 5244
2016 4 5246
2019 13 2032
2020 4 2010
2024 13 2063
2024 10 2176
2025 13 5244
2026 4 1407
2026 4 5247
2027 13 4733
2027 4 1969
2027 4 684
2028 10 2378
2028 10 5075
2028 6 1833
2028 4 1129
2029 13 4733
2031 13 2355
2032 9 5251
2033 6 1993
2035 4 2222
2036 6 2073
2038 4 5244
2039 13 5255
2040 6 5150
2040 4 2051
2040 4 1834
2042 13 2157
2043 4 2013
2044 4 1789
2045 10 2037
2047 10 2045
2047 10 2037
2049 4 2027
2049 4 4733
2050 4 2013
2050 4 2043
2051 10 2176
2052 6 5258
2052 4 2061
2052 4 5076
2056 6 1945
2057 13 5260
2057 6 5261
2057 4 2055
2059 6 2172
2059 4 2095
2059 4 1742
2061 6 1704
2061 6 5263
2061 4 5264
2061 4 5258
2061 4 5076
2063 10 2176
2064 4 5265
2065 6 5266
2066 5 5267
2067 13 5268
2068 4 5270
2069 5 5271
2071 13 5272
2072 13 4866
2072 6 1412
2074 13 2200
2075 4 5273
2076 13 2088
2077 13 4959
2079 4 53
2081 10 2109
2082 10 2109
2083 10 2109
2084 10 2053
2084 4 1950
2085 5 2079
2085 5 2060
2085 5 2044
2085 4 5279
2085 4 839
2085 4 4953
2085 4 5280
2086 4 2035
2088 4 2084
2089 4 5281
2090 4 5267
2092 4 1132
2094 4 2175
2097 5 1333
2097 4 1468
2102 10 2046
2104 13 2155
2104 4 2109
2105 4 3273
2105 4 5285
2109 4 1103
2109 4 458
2110 13 2138
2111 10 2378
2113 10 2109
2113 6 2099
2113 4 5224
2115 13 5235
2116 13 2130
2117 4 1313
2118 13 5073
2118 10 5075
2119 25 1739
2121 4 1449
2123 4 5291
2123 4 5292
2124 4 2220
2125 13 5235
2127 10 2378
2127 6 5294
2128 4 2124
2131 4 2225
2132 4 2101
2133 4 5296
2135 10 1272
2136 4 2327
2138 13 2284
2138 10 2046
2138 10 2102
2138 10 1949
2138 4 5300
2140 4 2177
2143 10 5055
2144 4 5301
2144 4 2145
2147 4 4629
2147 4 2141
2148 13 2277
2149 10 2176
2150 4 5302
2151 4 2147
2153 4 2259
2155 10 2378
2155 4 1677
2155 4 489
2155 4 2111
2155 4 5305
2157 10 2018
2157 4 1989
2159 10 2176
2159 4 2088
2163 13 4959
2163 6 1809
2164 13 2183
2165 13 5307
2165 10 5269
2165 4 2139
2166 13 2341
2166 4 2255
2168 10 2176
2170 10 2176
2170 4 4382
2170 4 459
2171 10 1874
2173 4 1600
2174 4 274
2175 10 1658
2175 4 1062
2176 10 1697
2176 10 1944
2177 10 2176
2178 10 2378
2178 4 4859
2179 10 5269
2180 10 5214
2180 4 2184
2181 10 5214
2182 4 733
2186 10 2176
2186 4 2199
2188 10 1658
2188 10 1343
2188 4 2215
2190 13 4544
2192 6 1502
2197 4 5315
2198 13 4797
2200 10 1791
2200 4 5316
2200 4 5317
2200 4 5318
2204 10 5321
2205 4 1348
2206 10 2207
2209 25 1843
2209 4 2219
2211 13 2262
2212 6 2214
2215 10 1658
2215 4 1341
2216 10 2218
2219 25 1849
2220 13 5325
2220 10 2156
2221 6 2242
2222 10 2176
2222 10 2175
2224 6 2146
2226 13 4544
2229 6 2228
2231 5 5066
2233 6 1986
2234 10 2176
2235 13 2266
2236 10 5070
2236 10 5075
2237 4 2261
2238 10 2199
2238 6 2223
2239 13 5329
2240 25 2134
2240 4 2238
2241 4 2240
2246 13 5331
2246 4 2245
2247 13 5221
2248 6 2087
2248 4 262
2248 4 264
2248 4 202
2248 4 1615
2249 6 2204
2249 4 5334
2252 25 2170
2252 10 2176
2252 4 4382
2252 4 459
2255 4 5337
2256 4 2254
2258 4 5339
2259 10 2378
2259 6 5343
2259 4 5344
2259 4 5345
2259 4 4990
2260 6 5347
2262 4 1102
2263 10 5348
2264 4 2269
2265 4 5350
2266 10 5070
2266 4 5352
2268 25 2267
2268 4 5353
2269 4 2301
2272 6 1394
2274 13 5354
2275 4 5355
2277 10 5122
2278 10 5269
2279 10 5356
2279 4 5357
2282 13 2334
2283 13 2334
2285 10 1874
2285 6 5358
2285 6 2301
2285 4 2011
2285 4 490
2285 4 672
2287 4 5311
2287 4 2288
2288 6 2287
2288 4 5311
2288 4 1653
2288 4 484
2292 13 5361
2294 13 5363
2296 4 1129
2298 6 2889
2300 13 5364
2301 10 2311
2301 10 1703
2301 6 1639
2301 6 1617
2301 6 5370
2301 6 2236
2301 6 1569
2301 4 4727
2301 4 1572
2301 4 2011
2301 4 1841
2301 4 1215
2301 4 5371
2301 4 5372
2301 4 5373
2301 4 2093
2301 4 2236
2301 4 4980
2301 4 5374
2302 5 2289
2302 4 2321
2302 9 5377
2303 4 5378
2303 4 5379
2304 4 2207
2304 4 2206
2306 4 5380
2306 4 5381
2308 13 5382
2309 4 2189
2311 6 2171
2311 6 1718
2311 4 1450
2313 4 1930
2315 6 2305
2316 6 5361
2318 25 2317
2319 9 2183
2320 13 2319
2320 4 2319
2321 6 5385
2324 6 5387
2325 5 2326
2328 13 5307
2329 6 2098
2330 4 2008
2332 4 4707
2332 4 2013
2332 4 2333
2332 4 2043
2335 6 4629
2336 10 2339
2337 10 2058
2338 4 1675
2338 4 1681
2338 4 1680
2339 13 5392
2339 6 2307
2340 9 5393
2341 4 4629
2342 4 5394
2344 6 905
2344 6 2276
2345 10 5307
2345 6 5307
2347 13 5397
2347 13 5395
2347 4 2343
2348 13 5399
2349 4 4723
2351 10 5150
2352 6 5401
2353 6 2033
2355 4 5403
2356 4 1630
2358 6 2331
2360 5 5405
2361 4 5406
2362 4 5407
2363 4 5410
2364 4 5411
2364 4 5412
2364 4 5413
2364 4 5414
2364 4 5415
2367 6 5418
2371 4 5409
2372 4 5421
2374 4 5423
2375 9 5425
2376 9 5425
2376 9 2375
2378 5 5446
2378 4 1593
2378 4 2022
2378 4 1516
2378 4 5447
2378 4 2428
2378 4 4822
2378 4 3034
2378 4 5448
2378 4 2397
2378 4 5221
2378 4 2153
2378 4 2146
2378 4 1794
2378 4 1165
2378 4 1164
2378 4 1039
2378 4 5449
2378 4 5450
2378 4 5451
2378 4 5452
2378 4 1804
2379 6 5455
2379 6 5456
2380 4 2730
2382 6 2381
2383 6 2425
2383 4 2390
2383 4 2425
2385 4 5458
2386 13 2569
2386 6 2442
2386 4 5459
2386 4 2517
2387 4 5460
2390 4 2425
2391 4 5462
2392 4 2561
2393 4 2561
2394 13 2615
2395 4 5463
2398 6 5466
2399 10 5467
2406 4 5472
2408 4 5473
2413 6 5475
2413 6 5476
2415 9 5477
2418 10 2463
2419 6 5479
2419 6 5480
2419 6 5481
2422 4 5487
2425 13 2442
2428 4 5492
2429 10 1613
2429 6 5524
2429 4 5525
2429 4 5526
2429 4 5485
2429 4 5527
2429 4 5512
2431 13 3005
2433 4 2423
2434 10 2409
2434 4 2403
2434 9 2439
2435 6 5543
2437 13 2480
2437 6 5546
2438 4 5547
2439 4 2456
2440 4 2705
2440 4 5549
2442 5 2390
2442 13 2480
2443 4 5551
2445 4 5512
2446 6 5552
2446 4 5552
2446 4 5553
2448 4 3236
2449 5 5555
2449 4 2439
2451 9 2532
2452 10 5558
2454 4 2498
2454 9 2532
2454 9 2451
2455 4 3578
2455 4 2518
2455 4 2513
2456 4 2403
2459 4 4565
2460 10 5561
2462 10 2417
2463 10 2462
2466 6 4579
2470 10 2378
2470 4 5562
2477 4 5564
2477 4 2512
2478 4 5564
2478 4 2512
2479 6 5565
2480 6 5567
2480 6 5568
2480 4 2447
2480 4 2457
2481 13 2705
2491 4 5569
2502 4 5575
2503 4 5576
2503 4 5577
2506 4 5579
2508 4 2509
2508 4 2569
2509 13 2569
2509 6 2508
2511 4 5580
2514 4 5581
2516 13 2942
2518 4 2513
2520 10 2521
2522 13 2707
2523 10 2521
2524 6 2528
2528 13 2839
2529 4 2527
2530 6 5586
2530 4 5587
2531 4 5588
2531 4 5589
2534 4 1780
2536 4 2811
2539 6 2431
2540 10 5596
2540 10 5597
2540 10 5598
2540 10 5599
2540 9 2541
2542 4 5601
2542 4 5602
2544 4 5604
2550 4 2450
2550 4 2548
2553 4 5607
2554 4 3147
2555 4 5609
2556 4 5610
2557 4 2975
2559 4 5613
2560 4 3042
2560 4 2718
2560 4 2641
2560 4 5614
2560 4 5615
2563 4 2565
2564 4 5616
2564 4 5617
2566 10 5561
2566 4 4991
2568 6 5038
2569 25 5619
2569 6 2508
2569 6 2504
2569 6 5620
2569 4 2733
2569 4 2504
2569 4 2517
2570 4 3173
2571 5 5622
2571 4 5623
2573 6 2572
2576 4 347
2576 4 5625
2578 4 2827
2578 4 5627
2579 13 2782
2581 6 2965
2582 4 2655
2583 4 5424
2584 4 2644
2585 6 1828
2585 4 3414
2586 4 5636
2586 4 5637
2586 4 5638
2586 4 5639
2586 4 5065
2586 4 5640
2586 4 5641
2586 4 5642
2588 10 5644
2591 4 2718
2591 4 2641
2591 4 5647
2594 10 5659
2594 10 5660
2594 10 5661
2594 10 2378
2594 4 5659
2594 4 2807
2595 4 5663
2596 10 2378
2598 6 5664
2598 4 2414
2598 4 5665
2599 6 5666
2600 4 3147
2602 13 2952
2603 10 2378
2604 6 2634
2605 4 5667
2605 4 2894
2605 4 2708
2605 4 5668
2605 4 5669
2605 4 5670
2605 4 3462
2607 4 2609
2608 4 2430
2611 6 2751
2613 10 5675
2614 10 5673
2614 4 2458
2614 4 5677
2615 9 5678
2617 4 5680
2618 4 5681
2619 10 5683
2619 10 2612
2619 10 5321
2619 6 5684
2619 4 4228
2619 4 5685
2619 4 4964
2619 4 836
2619 4 1956
2620 4 5686
2621 13 2647
2621 4 5687
2622 5 5688
2623 10 5065
2624 6 2577
2625 4 5690
2626 10 2378
2626 4 2625
2626 4 5692
2626 4 5690
2627 5 5693
2630 5 2610
2630 4 2708
2631 25 1559
2631 4 5694
2632 4 2902
2634 13 5696
2634 4 5697
2637 4 2651
2638 4 2651
2640 4 5702
2640 4 2486
2640 4 2476
2640 9 2510
2641 4 2705
2641 4 5705
2641 4 2718
2643 6 2490
2645 4 3147
2646 10 5707
2648 6 3015
2651 5 5709
2651 4 5709
2652 10 5710
2653 4 5570
2656 6 2519
2656 4 2492
2658 6 2864
2658 4 3290
2660 4 2636
2662 13 2777
2662 4 2704
2666 4 2678
2667 4 3147
2669 10 5717
2670 4 5696
2671 10 2643
2672 4 2604
2673 13 3147
2676 13 5719
2676 4 5720
2677 13 2746
2680 5 5721
2684 4 5723
2684 4 2642
2685 4 5607
2686 4 5724
2689 4 2664
2690 4 2686
2693 9 2751
2694 4 2770
2695 10 5727
2695 6 5728
2695 4 2741
2696 13 5668
2697 10 2825
2699 10 2741
2700 6 3174
2701 6 2696
2702 4 5729
2704 4 2672
2704 4 2604
2705 4 2909
2706 4 5731
2708 10 5733
2708 10 5734
2708 10 5735
2708 4 3147
2711 13 2800
2713 13 5736
2715 13 3147
2715 4 2712
2717 4 5738
2718 4 2675
2718 4 3042
2718 4 2640
2718 4 2779
2718 9 2681
2719 13 5740
2720 4 3147
2721 4 3147
2724 6 5743
2724 4 5607
2724 9 5744
2725 4 3738
2728 4 3147
2729 4 5745
2731 4 3147
2733 4 3153
2733 4 5746
2734 10 2744
2738 10 5748
2740 10 5749
2740 6 2574
2740 4 5750
2741 10 5607
2741 4 5758
2741 4 2601
2741 4 4844
2741 4 3538
2741 4 2545
2741 4 5759
2741 4 5760
2741 4 5761
2741 4 5762
2741 4 3153
2741 4 5763
2741 4 5764
2741 4 4846
2741 4 2619
2742 4 5773
2746 10 5774
2746 9 5750
2748 4 5661
2753 4 5777
2754 4 5778
2755 10 5780
2755 4 5781
2756 10 2757
2757 10 5782
2758 6 2581
2759 4 5783
2760 10 2761
2760 10 5784
2760 4 5785
2761 10 5784
2762 10 5786
2762 9 5425
2762 9 5787
2762 9 2375
2766 6 2507
2766 4 2772
2767 6 5789
2768 13 2971
2771 6 5790
2772 13 3051
2773 4 2665
2774 4 2639
2775 4 5791
2776 4 2754
2777 10 3042
2778 5 2861
2779 10 5792
2782 4 5793
2782 9 5486
2782 9 5794
2784 6 5796
2784 6 5797
2785 4 2639
2786 4 5798
2787 6 5799
2789 13 2971
2791 4 2715
2793 4 5355
2795 4 5355
2796 13 2971
2797 4 5355
2798 10 3153
2798 4 2709
2798 4 5355
2799 4 2727
2803 13 2971
2803 25 2768
2804 6 5805
2805 13 2806
2805 6 5806
2806 13 2971
2807 25 5442
2807 10 2378
2809 4 2817
2810 4 2808
2811 13 3080
2811 4 2770
2811 9 2781
2813 4 5355
2814 4 5808
2815 4 2829
2816 6 5809
2819 4 5811
2819 4 5812
2820 6 5813
2822 5 2815
2824 9 2971
2827 5 2726
2828 10 5816
2828 10 5817
2828 10 5818
2829 5 3218
2833 4 2692
2834 4 3086
2835 4 3088
2837 4 5821
2839 4 2524
2839 4 2471
2840 4 2471
2841 5 2395
2843 6 5830
2844 5 2856
2845 4 5831
2847 13 2955
2849 4 5833
2850 6 5832
2852 4 5835
2853 13 2942
2856 4 5836
2858 4 5839
2859 10 3153
2860 10 3153
2862 10 2971
2862 6 3075
2862 4 2796
2863 4 5840
2864 5 5841
2864 4 3290
2867 10 5833
2868 4 4238
2869 6 2846
2869 6 5844
2870 4 2635
2873 4 5846
2874 4 2886
2876 4 2877
2879 6 2411
2879 4 1779
2880 4 2881
2882 9 5852
2883 4 2791
2883 4 2887
2883 4 2971
2884 4 2794
2885 6 5854
2885 4 5855
2888 13 2914
2894 4 5715
2895 5 2383
2897 4 5856
2897 4 2781
2898 4 5859
2902 10 2892
2902 4 5864
2903 13 2906
2905 10 2643
2905 4 2671
2906 4 2927
2907 6 2967
2909 4 2921
2912 6 2373
2913 4 2934
2916 4 5867
2916 4 5868
2916 4 5869
2920 6 5870
2924 10 5874
2924 10 5875
2924 10 5876
2924 10 5877
2924 6 5878
2924 4 2826
2925 4 3255
2926 4 5879
2929 4 2587
2931 6 5883
2931 4 5884
2931 4 2558
2938 4 2708
2938 4 2737
2948 9 2936
2948 9 2933
2949 9 2938
2951 4 2913
2951 9 2934
2955 9 2954
2955 9 2953
2956 9 2955
2957 9 2956
2957 9 2955
2958 4 5887
2959 4 5889
2960 6 5890
2960 4 5891
2960 4 5892
2961 6 5893
2962 10 5894
2965 6 2891
2965 4 5896
2968 10 3113
2969 4 2940
2971 10 2861
2971 4 2821
2971 4 3222
2971 4 2801
2971 9 5898
2972 6 2703
2972 4 5899
2973 4 154
2974 4 5901
2975 4 5902
2976 4 5903
2979 6 3008
2982 4 5905
2983 4 3383
2983 4 3100
2984 4 5906
2985 4 5864
2986 4 5910
2986 4 5911
2988 4 2987
2989 4 5912
2992 10 2990
2995 4 3151
3001 4 5012
3002 10 5915
3002 10 3218
3002 10 5916
3005 10 2989
3005 4 3003
3006 4 3151
3006 4 5917
3007 4 2794
3009 4 3036
3013 13 3208
3014 4 5918
3016 4 5921
3017 6 5922
3018 4 3041
3020 4 5839
3021 6 5926
3022 6 5927
3022 4 5928
3023 4 5929
3024 4 3030
3025 6 5930
3025 4 5931
3030 4 5934
3033 5 5936
3033 4 5533
3033 4 5937
3035 6 2429
3035 9 5938
3037 4 5939
3038 10 4738
3039 6 5941
3040 4 5943
3042 4 3050
3042 9 2923
3043 6 2966
3043 4 3059
3045 4 256
3048 10 3145
3049 4 3283
3051 4 3027
3051 4 5948
3052 4 5949
3054 4 2885
3056 10 5952
3059 4 3064
3063 6 2413
3063 6 5441
3064 6 3323
3064 4 3047
3064 4 3060
3065 4 5956
3065 4 3053
3065 4 5957
3071 4 5959
3072 6 3066
3073 13 3300
3074 13 3300
3075 4 2796
3076 4 3101
3078 13 5935
3081 10 5967
3082 4 3091
3083 4 390
3083 4 5969
3084 4 5970
3085 10 3290
3089 6 5973
3089 4 5974
3090 4 2872
3091 4 5976
3091 4 5977
3091 4 3046
3091 4 3127
3091 4 5978
3093 4 3055
3094 13 5980
3096 9 3098
3097 4 5981
3099 13 5982
3099 4 5983
3100 4 2983
3100 4 5998
3100 4 5617
3101 9 3136
3102 4 6000
3102 4 6001
3104 4 6004
3104 4 6005
3106 9 3109
3107 9 3109
3109 4 3115
3109 4 3108
3109 4 3339
3109 4 3107
3110 13 6007
3111 6 2710
3112 10 6009
3118 4 3207
3118 4 3243
3121 9 6016
3122 4 3126
3123 6 6017
3123 6 6018
3123 4 6019
3128 4 6026
3129 25 6031
3130 10 2854
3132 4 6032
3133 13 3169
3135 6 6033
3136 6 6034
3139 10 3434
3140 4 5800
3141 10 3434
3142 10 6035
3143 6 6036
3143 4 6036
3145 4 3157
3145 4 2978
3147 4 2599
3147 4 2698
3147 4 2700
3147 4 2626
3147 4 2625
3147 4 2584
3149 13 6044
3149 4 6045
3150 4 3159
3152 4 3146
3153 10 6047
3153 4 2370
3153 4 2723
3156 4 6048
3157 4 6050
3158 4 6051
3158 4 3243
3163 4 3166
3167 10 6055
3170 6 3116
3170 6 6057
3173 6 2716
3177 4 6059
3177 4 3191
3179 6 6061
3181 6 6062
3182 6 3631
3185 6 6064
3185 4 2966
3185 4 3346
3188 25 6064
3194 10 6068
3195 4 6074
3195 4 6075
3196 9 6078
3198 6 6079
3199 9 6078
3200 10 3196
3200 9 6078
3205 4 3125
3206 4 6080
3210 4 6083
3212 4 2589
3215 9 3216
3216 4 6087
3217 10 6088
3217 4 3220
3218 4 3032
3218 4 5915
3218 4 5916
3220 4 6089
3220 4 6090
3222 4 6092
3223 10 2130
3229 4 3337
3230 6 3138
3230 4 3381
3231 10 6096
3231 6 3335
3232 6 3213
3237 6 3137
3237 4 2832
3241 4 2875
3243 10 6080
3243 6 6105
3243 4 3189
3243 4 3185
3243 4 3191
3243 4 3190
3245 4 3279
3246 4 3298
3249 4 3238
3250 10 6137
3250 4 6138
3250 4 5648
3251 4 3098
3257 4 2773
3258 9 6143
3259 9 6143
3261 4 2657
3261 4 6145
3262 10 6146
3262 10 6147
3264 6 3254
3265 4 6149
3266 5 6150
3266 6 2663
3266 4 6151
3266 9 2412
3267 9 6078
3268 6 6153
3270 6 6155
3271 6 6156
3274 4 5094
3277 4 2684
3277 4 2642
3278 10 6162
3280 4 5937
3281 10 6163
3284 10 6109
3286 4 6171
3288 13 6172
3289 9 6174
3290 4 6176
3290 4 6177
3291 5 6178
3293 4 3203
3293 4 3204
3293 4 3202
3293 4 3201
3293 4 3205
3294 4 3004
3295 10 1272
3296 6 3397
3297 10 3296
3297 10 2968
3298 4 6184
3299 10 6186
3301 4 3344
3302 4 2429
3304 4 6188
3308 10 3312
3309 10 3310
3310 9 5736
3311 4 2941
3311 4 5886
3312 10 6191
3312 4 3304
3312 4 3306
3313 5 3321
3314 4 3303
3316 4 5937
3319 4 3402
3321 10 3385
3321 10 3292
3321 10 6201
3322 4 6172
3323 4 6205
3326 4 3403
3326 4 3358
3326 4 3377
3327 4 6208
3328 4 3351
3329 4 2995
3329 9 6209
3331 13 3334
3333 6 3180
3334 10 6212
3334 4 5776
3337 4 6213
3338 4 5217
3338 4 803
3340 13 6215
3341 4 6216
3342 4 6218
3343 6 6219
3343 6 2562
3344 4 3305
3344 4 6220
3344 9 6221
3344 9 6222
3345 6 2549
3345 4 3287
3345 4 6225
3345 4 6226
3347 4 4648
3348 10 6228
3348 4 6229
3349 10 1854
3349 4 6230
3351 6 6232
3353 4 6235
3354 4 2590
3355 10 6226
3356 4 6216
3357 4 6236
3357 4 6237
3361 4 6244
3362 4 6245
3363 4 2855
3363 4 6246
3363 4 3332
3363 4 3347
3364 13 6125
3365 4 6247
3366 6 3155
3366 4 3404
3366 4 3436
3368 4 3415
3370 9 3371
3375 4 2429
3379 4 6251
3380 6 6252
3381 4 3236
3382 6 3374
3383 4 3352
3383 4 6262
3383 4 5617
3384 13 6266
3384 4 6267
3384 4 6268
3385 4 6269
3387 4 6215
3387 4 3372
3388 6 6270
3388 4 3386
3392 4 6276
3393 6 6277
3395 4 6280
3396 4 6281
3398 10 6282
3398 4 6283
3398 4 5970
3399 10 6009
3399 10 3397
3400 4 6116
3401 5 3423
3401 5 3422
3401 5 3415
3402 5 2734
3402 10 2525
3402 6 6284
3402 6 6285
3402 4 6286
3402 4 6285
3402 4 2569
3402 9 6287
3402 9 6288
3402 9 5414
3404 4 3436
3404 4 3131
3405 4 6289
3406 4 3057
3407 4 6290
3408 6 2429
3410 6 6292
3411 6 3412
3413 9 3415
3413 9 3414
3414 4 6294
3414 4 3220
3414 4 3217
3417 4 6201
3418 13 3423
3419 6 3420
3419 4 6297
3419 4 6298
3424 6 6300
3424 4 6301
3425 5 6303
3426 25 3410
3429 4 6307
3429 4 2992
3429 4 2990
3431 9 5697
3434 4 3373
3434 4 3140
3437 6 6316
3438 4 6317
3439 4 3444
3441 4 6318
3445 4 6319
3451 4 3454
3456 4 3458
3457 4 6326
3458 6 6329
3459 4 6331
3461 4 3443
3464 4 6334
3465 10 3518
3466 4 6336
3468 10 6338
3469 4 6339
3470 5 6340
3472 10 3455
3473 4 6342
3474 4 6343
3475 4 5843
3476 6 5844
3477 4 6344
3479 10 6345
3480 5 3471
3480 5 6347
3480 5 3491
3483 4 3655
3483 4 6353
3486 4 6354
3486 4 2368
3487 10 6357
3487 6 6358
3487 4 6358
3488 5 3481
3488 5 6359
3488 4 6360
3491 10 3488
3491 10 6363
3492 5 3497
3493 10 3556
3495 4 3635
3500 4 3503
3502 6 3496
3504 10 3597
3507 10 3506
3508 10 3597
3512 4 6367
3515 4 3494
3516 4 3513
3516 4 3839
3517 4 6368
3519 4 6369
3520 5 3501
3520 10 3839
3521 4 3555
3522 5 6370
3522 10 3523
3522 6 6371
3522 6 6372
3523 6 6371
3525 10 3506
3525 4 3517
3528 4 3622
3529 5 6375
3531 4 6377
3531 4 3448
3532 10 3839
3532 4 6378
3533 4 6379
3534 4 3773
3535 6 6380
3535 4 3458
3535 4 3456
3536 5 6381
3538 10 2061
3538 6 6382
3538 6 6383
3538 4 6384
3538 4 3559
3539 4 3538
3541 4 6388
3541 4 6389
3543 4 6390
3544 5 3442
3544 5 6395
3544 5 6396
3544 5 6397
3544 5 6398
3544 10 6399
3544 4 6400
3544 4 6401
3546 4 3839
3547 4 6403
3548 5 3792
3551 4 5457
3552 5 3540
3553 4 6406
3556 4 5887
3556 4 6408
3560 4 3566
3561 4 6409
3562 4 3568
3565 4 3667
3567 4 6411
3569 4 3570
3570 4 6413
3572 4 3594
3572 4 3573
3574 5 3520
3577 4 3618
3579 10 3674
3579 4 6416
3581 4 3558
3582 4 3804
3583 4 3592
3585 5 3592
3586 10 6418
3588 4 6421
3589 25 6422
3595 4 4021
3596 5 3498
3598 10 6426
3599 5 6427
3600 4 6428
3601 4 6429
3603 4 3706
3607 4 6432
3611 5 3615
3613 5 3609
3617 4 6435
3619 4 3648
3619 4 3639
3620 5 3619
3621 6 4830
3623 10 3625
3624 4 3630
3626 6 6436
3628 4 3576
3628 4 4151
3628 4 3869
3630 6 6438
3631 6 3182
3631 4 6439
3631 4 5388
3632 6 6440
3634 5 6442
3634 4 6443
3636 4 3627
3638 10 6325
3638 10 6378
3640 4 3753
3643 4 3664
3644 10 3837
3645 6 3610
3646 4 3668
3647 10 3649
3650 6 6449
3651 5 6450
3652 4 3707
3653 4 3680
3654 4 2429
3655 6 3483
3656 5 3614
3660 10 6452
3660 4 6453
3660 4 6454
3660 4 6455
3660 4 6336
3660 4 6456
3660 4 6457
3660 4 6458
3660 4 6459
3661 4 3839
3662 5 3604
3662 4 3499
3662 4 6461
3665 4 3668
3667 4 3673
3668 4 6421
3674 5 3673
3675 10 3674
3676 5 4159
3676 6 6374
3676 4 6465
3676 4 3529
3676 4 4159
3677 10 6466
3681 4 6468
3682 5 3672
3682 4 3127
3684 4 4174
3684 4 3756
3686 6 3685
3688 6 3667
3689 5 3927
3692 10 6470
3694 4 3485
3696 4 6472
3697 6 3687
3698 4 6331
3699 5 3715
3699 4 3695
3700 4 6474
3701 4 3702
3703 4 3743
3704 10 3544
3705 10 3657
3708 10 3719
3712 10 6477
3715 6 2479
3715 4 3728
3716 4 3554
3717 4 3713
3721 4 6483
3722 10 3804
3723 4 6484
3726 5 3606
3727 10 3710
3727 4 3752
3729 10 3744
3729 10 3804
3731 4 3725
3732 5 3935
3732 5 3747
3735 10 6485
3736 10 3842
3737 10 3842
3738 10 3842
3739 10 3842
3740 25 3739
3740 10 3842
3745 4 3802
3746 5 6397
3748 4 3709
3749 4 3837
3749 4 3644
3751 4 3733
3753 4 6465
3754 4 3671
3758 5 6491
3758 10 3506
3759 4 3806
3761 10 3750
3762 6 3669
3763 6 3602
3765 10 3794
3766 5 3767
3770 4 6494
3772 4 3771
3774 4 3791
3774 4 3800
3775 5 6495
3776 4 6496
3777 6 4074
3778 4 6497
3779 10 3753
3779 10 6498
3779 4 6499
3782 4 3764
3783 6 2429
3784 10 6501
3785 4 3803
3787 10 3836
3788 5 3809
3790 4 6503
3790 4 3770
3791 4 3800
3792 5 3724
3792 4 3633
3793 10 3849
3794 10 3849
3794 10 3777
3795 4 4200
3795 4 6505
3795 4 6506
3796 10 3794
3798 4 6508
3799 4 3868
3801 4 4017
3802 10 6399
3804 4 6509
3805 10 6511
3805 10 6512
3805 4 6513
3805 4 6514
3805 4 3514
3807 6 6516
3808 4 3800
3809 5 3781
3811 10 3849
3812 5 4017
3815 4 3846
3817 10 3810
3818 4 4990
3818 4 6519
3825 5 3835
3826 4 3814
3829 10 3864
3829 6 3819
3834 4 6526
3835 4 4198
3836 4 4095
3838 10 3831
3838 4 3927
3839 5 3674
3839 5 3663
3839 5 3662
3839 5 3574
3839 5 3558
3839 5 3466
3839 5 3564
3839 5 3660
3839 5 3552
3839 5 3542
3839 5 3836
3839 5 3714
3839 5 3557
3839 5 3463
3839 10 6452
3839 4 6458
3839 4 4131
3844 5 3843
3845 25 3524
3846 10 3888
3847 10 6535
3849 10 6536
3852 5 3848
3852 10 3858
3854 6 3853
3856 10 6539
3857 6 4119
3857 4 6540
3858 10 3874
3858 4 3875
3859 10 3858
3861 4 3892
3862 4 4040
3866 10 3968
3871 4 3850
3873 4 3102
3875 10 3877
3878 10 5561
3879 5 3870
3881 6 6380
3882 4 6546
3884 25 3865
3887 4 6548
3890 4 3839
3891 6 3909
3894 5 3792
3792 5 3724
3792 4 3633
3793 10 3849
3794 10 3849
3794 10 3777
3795 4 4200
3795 4 6505
3795 4 6506
3796 10 3794
3798 4 6508
3799 4 3868
3801 4 4017
3802 10 6399
3804 4 6509
3805 10 6511
3805 10 6512
3805 4 6513
3805 4 6514
3805 4 3514
3807 6 6516
3808 4 3800
3809 5 3781
3811 10 3849
3812 5 4017
3815 4 3846
3817 10 3810
3818 4 4990
3818 4 6519
3825 5 3835
3826 4 3814
3829 10 3864
3829 6 3819
3834 4 6526
3835 4 4198
3836 4 4095
3838 10 3831
3838 4 3927
3839 5 3674
3839 5 3663
3839 5 3662
3839 5 3574
3839 5 3558
3839 5 3466
3839 5 3564
3839 5 3660
3839 5 3552
3839 5 3542
3839 5 3836
3839 5 3714
3839 5 3557
3839 5 3463
3839 10 6452
3839 4 6458
3839 4 4131
3844 5 3843
3845 25 3524
3846 10 3888
3847 10 6535
3849 10 6536
3852 5 3848
3852 10 3858
3854 6 3853
3856 10 6539
3857 6 4119
3857 4 6540
3858 10 3874
3858 4 3875
3859 10 3858
3861 4 3892
3862 4 4040
3866 10 3968
3871 4 3850
3873 4 3102
3875 10 3877
3878 10 5561
3879 5 3870
3881 6 6380
3882 4 6546
3884 25 3865
3887 4 6548
3890 4 3839
3891 6 3909
3894 5 3792
3896 10 3907
3898 10 3968
3902 5 3901
3903 6 3965
3906 4 3909
3911 4 3650
3915 4 3963
3919 6 3913
3920 5 3792
3921 4 3904
3922 4 3942
3923 4 3448
3924 5 3882
3925 6 4037
3926 5 6551
3927 10 3912
3927 10 3804
3927 4 3838
3927 4 3693
3929 4 3773
3929 4 3742
3931 10 3947
3932 10 3968
3932 6 6553
3934 5 6554
3936 5 3930
3937 10 3849
3939 13 6556
3941 4 6558
3943 6 3941
3944 10 4168
3945 10 4168
3946 6 3876
3948 10 6559
3949 10 6560
3949 4 6561
3949 4 6484
3950 5 3928
3951 4 3959
3954 4 6563
3955 10 3855
3955 4 3938
3957 4 4178
3957 4 3964
3958 5 3905
3960 4 6565
3961 4 6566
3967 5 6407
3968 10 3876
3970 6 3760
3972 5 3879
3973 5 3974
3974 4 3969
3975 4 3968
3976 5 3984
3977 4 3968
3980 10 6570
3981 10 3984
3982 5 3979
3985 4 6572
3987 4 3988
3991 4 4002
3992 4 6321
3993 4 4020
3995 5 3996
3997 6 4014
4000 5 3999
4001 10 6574
4003 5 3986
4005 4 4032
4009 6 4060
4010 10 4059
4011 5 3996
4011 6 4082
4011 6 4098
4012 10 4011
4013 10 4160
4013 10 4011
4023 6 4022
4025 4 4026
4027 6 4024
4030 5 4052
4030 10 4201
4030 6 4070
4030 6 4019
4031 4 4068
4040 4 5886
4042 10 6579
4042 10 6536
4043 25 4007
4045 4 3994
4048 4 4035
4049 4 4033
4050 4 4064
4051 4 4064
4054 6 4006
4055 10 4068
4056 10 4015
4058 10 4057
4063 4 4034
4064 4 4156
4064 4 4036
4065 10 4063
4069 5 4076
4071 4 4097
4077 4 4081
4078 10 4082
4078 10 4210
4079 4 1551
4080 6 4044
4081 6 4104
4083 5 6582
4084 6 4116
4085 25 3896
4086 4 4046
4089 4 5399
4090 6 4088
4093 6 4117
4097 4 4084
4098 6 4082
4101 4 3127
4105 6 6554
4105 4 6584
4106 6 4099
4112 6 4111
4113 25 4067
4114 10 4127
4117 10 6585
4118 10 4107
4118 6 4193
4124 5 4126
4125 4 4087
4128 4 4160
4130 10 4129
4132 4 4137
4133 6 4169
4136 25 4066
4138 10 4207
4139 4 6586
4140 5 4122
4141 5 4091
4146 6 4145
4147 4 6588
4148 5 3917
4152 4 4172
4153 10 4165
4155 6 4204
4157 6 4201
4159 4 4008
4163 6 4170
4164 4 4149
4166 6 4213
4167 4 4108
4173 4 6591
4175 4 4176
4179 4 4177
4180 6 3890
4181 6 4154
4182 10 6592
4182 10 6593
4183 6 4180
4184 4 4186
4187 6 4175
4187 4 4176
4192 25 4102
4194 6 4143
4195 4 4074
4196 6 4188
4197 25 4135
4198 4 3839
4202 6 4204
4206 6 4205
4207 10 6598
4207 4 4171
4208 6 4221
4209 10 4097
4211 6 4094
4214 4 4210
4215 6 6599
4217 6 4200
4218 6 6600
4219 6 4132
4224 4 4223
4225 6 4222
4226 10 4189
