740
100 24 4283
101 24 4283
162 24 842
191 26 408
256 24 1430
294 24 611
298 24 611
397 24 501
399 26 404
404 24 399
408 24 191
410 24 621
437 26 2094
494 24 4398
501 26 397
577 24 602
591 24 602
602 26 591
602 26 577
611 26 298
611 26 4478
611 26 4479
611 26 4480
611 26 294
621 26 410
746 31 4553
775 24 4566
789 26 4569
798 31 4553
842 26 162
851 31 4553
1034 24 1035
1035 26 1034
1083 24 1123
1123 26 1360
1123 26 1083
1127 26 1215
1127 26 4702
1127 26 4679
1127 26 4703
1154 31 4553
1167 24 4727
1185 31 4553
1215 24 1127
1273 31 4553
1292 24 4787
1356 24 4822
1359 26 1364
1360 24 1123
1364 24 1359
1413 24 4822
1421 24 2378
1426 31 4553
1430 26 256
1496 26 1983
1500 31 4553
1506 26 4818
1530 26 2215
1540 31 4553
1596 24 2311
1689 24 2301
1697 24 5070
1707 24 1753
1723 24 2059
1724 24 2059
1726 24 4363
1753 26 1707
1782 31 4553
1813 26 5142
1855 26 4766
1856 24 1858
1857 24 1858
1858 26 1857
1858 26 1856
1934 24 5075
1972 24 2301
1983 24 1496
1991 24 2059
2011 26 5241
2011 24 2301
2052 24 3538
2059 26 1991
2059 26 1724
2059 26 1723
2094 24 437
2142 24 2165
2161 26 5306
2165 26 2142
2186 26 2199
2187 31 4553
2194 24 2301
2195 24 2301
2196 24 2301
2199 24 2186
2215 24 1530
2248 26 5332
2259 26 5342
2266 26 5351
2285 24 2301
2301 26 5159
2301 26 2285
2301 26 2196
2301 26 2195
2301 26 2194
2301 26 2011
2301 26 1972
2301 26 5155
2301 26 1689
2311 26 1596
2365 24 3016
2366 24 3016
2378 26 5444
2378 26 4859
2378 26 5445
2378 26 1421
2389 24 5461
2404 24 2493
2405 24 2493
2406 24 5471
2407 24 2417
2413 26 5475
2413 26 5476
2417 26 2407
2429 26 5521
2429 26 5522
2429 26 5523
2493 26 2405
2493 26 2404
2494 26 2500
2500 24 2494
2524 24 3147
2537 24 5579
2538 24 5579
2547 24 2569
2548 24 5579
2550 24 5579
2551 24 3147
2552 24 3147
2555 24 3100
2567 24 3147
2569 26 2547
2579 24 5471
2580 24 5634
2588 24 5218
2589 24 3100
2592 26 5650
2592 26 2947
2592 26 2946
2592 26 2929
2592 26 2853
2592 26 2644
2592 26 2643
2592 26 5651
2592 26 5652
2597 24 3100
2610 24 3100
2628 24 3147
2629 24 3100
2630 24 3100
2643 24 2592
2643 24 3147
2644 24 2592
2644 24 3147
2646 24 3147
2649 24 2651
2650 24 2651
2651 26 2650
2651 26 2649
2656 24 3100
2662 24 3147
2665 24 2741
2668 24 3147
2671 24 3147
2674 24 3100
2679 24 3100
2683 24 3100
2686 26 2690
2687 24 3100
2690 24 2686
2692 24 3147
2696 24 3147
2704 24 3147
2732 24 3147
2736 24 3147
2738 24 3147
2739 24 3147
2741 26 5755
2741 26 5756
2741 26 2665
2741 26 5757
2743 24 3147
2745 24 3147
2749 24 3147
2750 24 3147
2769 24 3147
2772 24 3147
2780 24 3147
2781 24 3147
2784 24 3128
2790 24 3147
2792 24 3147
2794 24 3147
2802 24 3100
2833 24 3100
2843 26 5829
2847 24 3147
2848 24 3147
2851 24 3147
2853 24 2592
2853 24 5651
2853 24 3147
2859 26 2860
2860 24 2859
2865 24 3147
2874 24 3100
2884 24 3147
2886 24 3100
2890 24 3008
2893 24 3100
2894 24 3100
2896 24 3100
2897 24 3147
2905 24 3147
2908 24 3100
2910 24 3100
2911 24 3100
2913 24 3147
2915 24 3147
2916 24 3147
2917 24 3100
2918 24 3100
2919 24 3147
2928 24 3171
2929 24 2592
2929 24 3147
2930 24 3147
2931 24 3147
2932 24 3147
2933 24 3147
2934 24 3147
2935 24 3147
2936 24 3147
2937 24 3147
2938 24 3147
2939 24 3100
2943 24 3147
2944 24 3147
2945 24 3147
2946 24 2592
2946 24 3147
2947 24 2592
2947 24 5651
2947 24 3147
2948 24 3147
2949 24 3147
2950 24 3147
2951 24 3147
2953 24 3147
2954 24 3147
2955 24 3147
2956 24 3147
2957 24 3147
2963 24 3100
2964 24 3100
2977 24 3100
2978 24 3100
2980 24 3100
2981 24 3100
2984 24 3100
2991 24 3100
2994 24 3100
2996 24 3100
2998 24 3100
2999 24 3100
3007 24 3100
3008 26 2890
3009 24 3026
3010 24 3011
3011 26 3010
3010 24 3011
3011 26 3010
3012 24 3100
3016 26 2366
3016 26 2365
3026 26 3009
3048 24 3100
3062 24 3100
3067 24 3100
3068 24 3100
3069 24 3100
3070 24 3100
3087 24 3100
3092 24 3100
3095 24 3100
3096 24 3251
3100 26 2994
3100 26 5985
3100 26 3203
3100 26 3183
3100 26 3222
3100 26 3186
3100 26 3172
3100 26 3171
3100 26 3160
3100 26 3157
3100 26 3145
3100 26 3134
3100 26 3095
3100 26 3092
3100 26 3087
3100 26 3070
3100 26 3069
3100 26 3068
3100 26 3067
3100 26 3062
3100 26 2999
3100 26 2998
3100 26 2996
3100 26 2984
3100 26 2981
3100 26 2980
3100 26 2978
3100 26 2939
3100 26 2911
3100 26 2910
3100 26 2896
3100 26 2894
3100 26 2893
3100 26 2886
3100 26 2874
3100 26 2833
3100 26 2802
3100 26 2687
3100 26 2683
3100 26 2674
3100 26 2630
3100 26 2629
3100 26 2610
3100 26 2555
3100 26 5986
3100 26 5987
3100 26 5988
3100 26 5989
3100 26 5990
3100 26 5991
3100 26 5992
3100 26 5993
3100 26 3202
3100 26 3201
3100 26 3048
3100 26 3012
3100 26 2991
3100 26 2964
3100 26 2963
3100 26 2918
3100 26 2917
3100 26 2679
3100 26 2597
3100 26 5994
3100 26 5995
3100 26 5996
3100 26 2908
3100 26 2656
3100 26 5575
3100 26 5997
3100 26 3007
3100 26 2977
3100 26 3125
3100 26 2589
3100 26 3205
3100 24 3383
3124 26 6021
3125 24 3100
3128 26 2784
3134 24 3100
3145 24 3100
3147 26 2931
3147 26 2851
3147 26 2951
3147 26 2950
3147 26 2949
3147 26 2948
3147 26 2945
3147 26 2944
3147 26 2943
3147 26 2937
3147 26 2936
3147 26 2935
3147 26 2934
3147 26 2933
3147 26 2932
3147 26 2919
3147 26 2916
3147 26 2915
3147 26 2865
3147 26 2848
3147 26 2847
3147 26 2792
3147 26 2772
3147 26 2769
3147 26 2736
3147 26 5856
3147 26 2551
3147 26 2524
3147 26 2954
3147 26 2947
3147 26 2946
3147 26 2938
3147 26 2930
3147 26 2929
3147 26 2905
3147 26 2853
3147 26 2794
3147 26 2790
3147 26 2781
3147 26 2780
3147 26 2739
3147 26 2738
3147 26 2732
3147 26 2696
3147 26 2692
3147 26 2668
3147 26 2662
3147 26 2646
3147 26 2644
3147 26 2643
3147 26 2628
3147 26 6038
3147 26 2567
3147 26 2552
3147 26 2704
3147 26 2913
3147 26 2897
3147 26 2884
3147 26 2750
3147 26 2743
3147 26 5471
3147 26 6039
3147 26 5634
3147 26 2749
3147 26 2745
3147 26 2671
3147 26 6040
3147 26 2957
3147 26 2956
3147 26 2955
3147 26 2953
3154 24 3383
3157 24 3100
3160 24 3100
3162 24 3383
3171 26 2928
3171 24 3100
3172 24 3100
3183 24 3100
3186 24 3100
3187 24 3383
3193 26 6066
3194 26 6067
3195 26 6069
3195 26 6068
3195 26 6070
3195 26 6071
3195 26 6072
3195 26 6073
3201 24 3100
3202 24 3100
3203 24 3100
3204 24 3383
3205 24 3100
3214 24 3383
3219 24 3383
3221 24 3383
3222 24 3100
3224 24 3383
3225 24 3383
3226 24 3383
3228 24 3383
3234 26 6098
3239 24 3383
3244 24 6107
3245 24 6107
3247 26 3269
3247 26 6108
3251 26 3096
3256 26 6142
3269 24 3247
3279 24 6107
3282 24 6164
3290 24 3391
3291 24 3391
3308 24 6164
3312 24 6164
3317 26 6193
3317 26 6194
3325 24 6107
3361 26 6242
3361 26 6243
3369 24 3383
3383 26 3239
3383 26 3228
3383 26 3226
3383 26 3225
3383 26 3224
3383 26 3221
3383 26 3219
3383 26 3187
3383 26 3162
3383 26 6253
3383 26 6254
3383 26 6255
3383 26 6256
3383 26 6257
3383 26 6258
3383 26 3204
3383 26 3154
3383 26 3214
3383 26 3369
3383 26 6259
3383 26 6260
3383 26 6261
3383 26 3100
3391 26 6178
3391 26 6175
3391 26 3291
3391 26 3290
3427 24 6191
3440 24 3444
3444 26 3440
3446 24 3448
3447 24 3448
3448 26 3712
3448 26 3447
3448 26 3450
3448 26 3446
3448 26 4220
3449 24 3481
3450 24 3448
3458 26 6327
3458 26 6328
3471 24 3481
3473 26 6341
3475 24 5843
3477 26 3478
3478 24 3477
3480 24 3481
3481 26 6349
3481 26 6350
3481 26 3544
3481 26 3480
3481 26 3471
3481 26 6351
3481 26 6352
3481 26 3449
3481 26 6323
3481 26 6347
3482 24 4047
3484 24 3491
3486 26 6355
3490 24 6361
3491 26 6362
3491 26 3484
3503 26 6364
3510 24 3721
3526 26 3545
3530 24 6376
3537 24 3570
3538 26 5264
3538 26 2052
3543 24 3597
3544 24 3481
3545 24 3526
3550 24 3571
3570 26 3537
3571 26 3550
3573 26 3590
3575 24 3616
3584 24 3670
3587 26 6420
3590 24 3573
3597 26 3543
3605 24 3670
3608 24 3625
3613 26 4004
3613 26 4148
3613 26 3860
3613 26 3766
3616 26 3575
3616 24 3625
3617 24 3625
3625 26 3617
3625 26 3608
3625 26 3741
3625 26 3616
3637 24 3649
3649 26 3637
3657 26 3840
3658 24 6407
3670 26 3584
3670 26 3605
3683 26 3699
3699 24 3683
3712 24 3448
3721 26 3510
3725 26 3731
3730 26 3755
3731 24 3725
3734 26 4210
3741 24 3625
3755 24 3730
3757 24 3789
3766 24 3613
3768 24 3769
3769 26 3768
3789 26 3757
3821 24 3927
3824 24 3841
3828 24 3841
3830 24 3841
3833 26 6525
3836 26 6530
3840 24 3657
3841 26 3830
3841 26 3828
3841 26 3824
3856 26 4053
3856 26 6539
3860 24 3613
3863 24 3880
3874 26 4076
3874 26 3893
3874 26 3889
3874 26 3888
3874 26 3884
3874 26 3883
3880 26 3885
3880 26 3863
3883 24 3874
3884 24 3874
3885 24 3880
3888 24 3874
3889 24 3874
3893 24 3874
3821 24 3927
3824 24 3841
3828 24 3841
3830 24 3841
3833 26 6525
3836 26 6530
3840 24 3657
3841 26 3830
3841 26 3828
3841 26 3824
3856 26 4053
3856 26 6539
3860 24 3613
3863 24 3880
3874 26 4076
3874 26 3893
3874 26 3889
3874 26 3888
3874 26 3884
3874 26 3883
3880 26 3885
3880 26 3863
3883 24 3874
3884 24 3874
3885 24 3880
3888 24 3874
3889 24 3874
3893 24 3874
3895 24 3968
3897 24 3968
3898 26 3933
3900 26 3956
3910 26 3914
3914 24 3910
3918 24 3971
3927 26 3821
3933 24 3898
3952 24 3953
3953 26 3952
3956 24 3900
3960 24 6564
3966 26 4216
3968 26 3897
3968 26 3895
3971 26 3918
3987 26 3990
3988 26 4134
3989 24 3998
3990 24 3987
3994 26 4041
3998 26 3989
4004 24 3613
4010 26 4029
4010 26 4016
4016 24 4010
4029 24 4010
4038 24 4136
4041 24 3994
4047 26 3482
4053 24 3856
4058 26 4061
4061 24 4058
4075 26 4106
4076 24 3874
4092 24 4142
4100 24 4141
4103 24 4142
4106 24 4075
4109 26 4110
4110 24 4109
4114 24 4115
4115 26 4114
4120 24 4123
4121 24 4158
4123 26 4120
4134 24 3988
4136 26 4038
4141 26 4100
4142 26 4103
4142 26 4092
4144 26 4185
4148 24 3613
4158 26 4121
4159 24 6359
4161 24 4162
4162 26 4161
4185 24 4144
4190 24 6595
4199 24 4200
4200 26 4199
4203 26 6597
4204 26 4212
4210 24 3734
4212 24 4204
4216 24 3966
4220 24 3448
4227 24 6601
