4094
0 0 18
0 0 93
1 1 4228
3 3 8
4 0 428
4 1 428
7 0 428
12 1 4231
13 1 141
14 3 18
15 3 107
16 8 4232
16 3 9
18 1 5
19 3 26
20 1 4235
21 1 4236
23 11 313
27 1 164
34 15 2
34 1 4239
35 16 4228
35 1 33
37 1 468
37 1 347
38 17 4240
39 1 103
40 0 144
40 0 140
40 0 134
40 0 67
40 0 4241
40 0 4242
40 0 4243
40 0 4244
40 0 38
40 0 156
40 1 27
40 1 84
42 18 4246
43 3 40
43 1 84
45 1 77
46 1 132
47 1 125
47 1 1506
47 1 1309
47 1 4248
49 1 48
52 3 1431
53 17 4252
53 17 4253
53 1 2079
57 17 4255
57 17 4256
57 17 4257
59 1 4258
61 8 60
62 1 4259
63 1 73
64 11 71
68 1 556
69 1 4261
70 17 4262
70 17 56
70 17 4263
70 17 4264
75 17 72
79 3 93
79 3 486
81 8 84
83 1 354
84 22 79
84 0 4269
84 0 4270
84 0 4271
84 0 4272
84 0 337
84 0 124
84 0 102
84 0 93
84 0 4273
84 0 4274
84 0 4275
84 0 486
84 0 4276
84 0 132
84 0 4277
84 0 4278
84 0 78
84 0 4279
84 0 106
84 0 119
84 1 46
85 3 247
87 1 82
89 8 7
90 1 488
92 0 165
92 0 1053
92 1 254
93 1 164
94 3 91
96 8 4281
97 1 87
98 23 74
98 15 4265
98 15 4268
98 15 4266
98 15 4267
99 0 80
100 22 1052
100 22 193
101 1 258
102 3 28
104 1 54
105 3 170
108 1 131
109 3 139
111 1 4285
111 1 1160
112 3 113
115 8 114
116 8 115
118 1 1784
120 16 1518
121 3 458
123 1 122
125 15 33
126 1 918
128 1 87
128 1 30
130 3 361
131 0 129
132 15 88
132 1 4289
133 1 4290
134 1 556
135 23 110
138 1 488
141 1 48
143 3 4241
144 15 134
145 0 165
145 0 92
146 8 4293
147 3 148
147 1 439
150 1 137
150 1 4297
151 3 4298
153 1 595
154 1 4299
154 1 2973
158 1 178
159 1 842
159 1 162
160 3 272
161 1 334
163 23 157
164 23 4300
164 1 4301
164 1 41
164 1 386
164 1 11
166 23 4303
167 23 155
168 1 1781
168 1 180
171 1 172
174 1 210
174 1 177
174 1 191
174 1 4283
175 18 4308
177 22 184
177 1 210
177 1 190
178 1 272
179 1 4286
181 18 188
182 3 185
182 18 188
185 18 188
186 18 188
187 18 188
189 1 250
190 1 191
190 1 4283
191 8 4283
191 15 139
191 1 177
192 1 296
194 1 4311
194 1 4312
195 1 321
198 1 747
200 8 593
201 1 204
202 1 2248
203 1 556
205 3 4313
206 1 152
207 1 559
209 1 628
209 1 732
210 15 184
214 1 360
216 1 242
218 3 230
219 8 224
220 1 4316
222 15 4317
225 15 4317
228 3 376
229 3 4318
229 1 267
229 1 938
230 15 4319
230 1 4320
238 0 192
240 15 183
243 1 227
244 1 1530
248 1 4323
249 17 246
249 17 241
251 1 527
252 1 251
253 1 234
253 1 345
256 1 3045
257 1 255
258 8 51
258 23 4324
258 22 1431
258 0 4283
258 1 209
259 3 1051
260 15 239
260 1 232
260 1 245
262 1 2248
262 1 264
264 1 2248
265 0 286
266 15 223
269 18 4325
270 1 277
271 1 417
272 1 332
272 1 4326
273 1 374
274 1 2174
275 3 4327
276 1 281
278 15 97
279 3 514
283 1 318
284 15 4329
285 16 4332
285 16 4333
286 1 1382
291 1 616
292 3 1099
293 8 290
295 8 290
303 1 302
304 15 289
305 15 296
307 1 306
308 1 306
309 1 306
311 15 299
312 1 4341
314 1 327
315 1 327
316 8 328
318 1 319
318 1 4283
318 1 173
321 23 4342
322 1 1053
323 1 4343
324 0 313
325 1 334
329 8 339
330 1 339
336 23 332
336 18 349
338 8 447
338 1 133
340 8 339
342 1 899
346 3 1051
347 8 468
347 1 2576
349 23 332
349 1 477
350 23 332
350 1 477
351 0 4353
352 1 477
353 15 348
353 15 4354
353 1 4355
354 8 4356
354 16 282
354 1 849
354 1 257
357 1 875
358 15 320
358 15 285
359 3 1320
359 3 4361
360 15 4362
360 1 4363
361 1 890
362 3 363
366 1 258
372 1 365
373 1 367
373 1 368
373 1 4365
377 8 4366
379 1 831
380 1 167
381 1 4367
383 0 4325
386 1 693
388 15 348
388 15 4354
388 1 378
388 1 4355
389 15 66
390 1 3083
391 15 4369
391 1 341
392 3 595
393 8 726
393 3 454
398 0 333
398 0 417
399 15 263
399 15 131
399 15 129
399 22 689
399 22 421
399 22 830
399 22 470
401 1 344
403 1 4283
405 15 4354
406 1 425
409 11 424
411 11 424
413 15 369
414 11 424
415 23 382
416 1 4373
416 1 4374
418 8 142
419 3 418
423 1 620
426 1 592
426 1 510
427 17 4375
431 1 454
434 15 655
435 23 4377
436 22 433
436 22 432
441 1 1048
442 1 512
444 1 461
445 23 340
446 3 561
447 1 339
448 23 4378
448 22 567
448 1 395
448 1 396
449 11 450
449 11 4379
450 11 4379
451 8 4380
453 3 647
454 22 431
454 0 577
455 3 412
456 1 508
458 1 2109
459 18 4382
459 1 2252
459 1 2170
460 8 560
460 1 510
462 1 473
463 1 615
466 1 471
467 3 448
471 15 4384
472 1 716
472 1 614
476 1 4386
477 3 440
477 3 438
478 1 861
480 23 4326
480 15 474
481 23 473
481 23 462
481 15 429
482 3 487
483 1 4381
484 1 2288
484 1 4388
485 8 4389
485 1 301
488 1 430
488 1 4391
488 1 4392
488 1 4393
488 1 4394
489 1 2155
489 1 4395
490 1 2285
490 1 624
495 8 4400
495 3 493
495 1 475
496 23 444
496 15 461
497 1 608
497 1 600
497 1 610
498 15 469
498 22 626
499 1 4404
500 1 4406
500 1 1784
501 1 512
502 15 280
503 3 488
508 1 615
508 1 522
510 23 465
510 1 387
510 1 230
510 1 592
512 23 497
512 1 4408
514 15 513
515 23 4409
515 15 317
515 15 4410
515 22 507
515 1 725
516 1 571
517 8 4411
519 23 436
519 23 432
519 15 281
519 22 2270
519 22 4412
519 22 1088
521 3 1140
525 1 1459
528 1 4416
530 1 595
531 1 4417
532 23 457
532 1 926
533 3 963
534 1 1214
536 3 4420
537 1 4381
537 1 555
538 15 491
538 1 4381
539 15 4422
539 11 443
540 23 494
540 23 4399
542 3 612
542 1 4424
543 0 4381
543 0 555
544 3 891
544 1 891
547 3 511
548 1 1309
549 15 505
552 0 1958
553 1 628
555 22 554
555 0 548
555 1 4381
556 1 144
557 1 4427
558 1 4429
559 1 570
560 8 116
560 17 4430
560 17 4431
560 17 558
560 17 10
560 17 4432
560 17 4433
560 17 4434
560 17 4435
560 17 4436
560 17 4437
560 17 4438
560 17 4439
560 17 4372
560 17 4440
560 17 4441
560 17 4442
560 17 4443
560 17 4343
560 17 4444
560 17 4445
560 17 4446
560 17 4447
560 17 4448
560 17 4449
560 17 4450
560 17 4451
560 17 4452
560 17 4453
560 17 4454
560 17 4455
560 17 4456
560 17 4457
560 17 4458
560 17 4459
560 17 4460
560 17 4461
560 17 4462
560 17 4463
560 17 4464
560 17 4465
560 17 4466
560 17 4467
560 17 4468
560 1 4469
560 1 4470
562 15 551
563 1 1450
564 1 615
566 17 4471
566 17 4472
566 17 4316
566 17 565
566 1 746
567 3 1369
572 3 573
574 1 4477
575 1 452
577 1 298
577 1 4478
577 1 4479
577 1 4480
577 1 294
580 1 520
583 15 4483
583 1 4484
583 1 208
588 23 4485
589 1 648
590 23 561
592 1 230
592 11 550
593 11 591
593 11 213
593 11 212
595 1 4487
596 1 4488
598 1 306
599 11 577
601 11 593
601 11 591
601 11 196
602 11 604
603 1 1782
607 11 609
609 22 606
611 16 4491
611 1 197
613 17 552
613 17 4493
613 17 4494
615 3 714
615 11 4497
617 1 4498
619 1 1130
620 1 492
621 23 402
621 15 424
621 15 4499
621 1 411
626 15 4401
627 23 315
627 1 327
629 1 4286
632 1 622
633 1 693
634 15 110
636 1 4504
639 3 759
640 1 4286
642 1 629
642 1 4509
642 1 4286
643 1 4286
644 1 4286
645 15 586
649 23 4510
650 1 4513
650 1 4514
653 15 335
654 1 749
656 1 4515
657 1 718
661 23 651
665 15 225
666 1 4518
667 1 545
668 1 407
668 1 4519
670 1 674
671 8 1130
671 0 4520
671 1 4521
672 3 4381
672 1 2285
672 1 4522
672 1 1112
677 1 690
678 1 4524
680 1 763
680 1 4525
681 1 1207
682 1 808
684 1 1042
684 1 2027
684 1 447
685 3 1448
686 1 529
686 1 528
686 1 527
686 1 526
688 1 327
690 23 646
691 1 164
692 3 706
693 1 529
694 1 4527
697 23 615
697 0 1130
698 15 4528
698 1 4530
700 3 695
701 1 741
703 3 740
704 23 4532
704 1 208
705 3 4236
707 8 373
707 23 326
707 1 199
707 1 4534
708 8 711
709 1 4535
710 1 1369
711 15 584
713 3 772
714 1 615
715 1 4536
717 1 770
719 15 673
720 23 506
721 3 4381
722 3 4537
724 1 973
724 1 1138
725 8 4330
725 8 4539
725 17 4540
726 0 4541
726 0 1813
726 0 4542
727 1 4543
729 1 1187
733 1 4544
733 1 2182
734 15 4545
735 23 676
736 3 4469
739 3 869
740 1 4381
741 1 795
742 1 4547
743 1 854
744 1 837
744 1 25
746 8 4548
746 17 4549
746 17 4550
746 17 4551
746 17 4552
746 17 4260
746 17 1013
746 1 1170
746 1 4404
747 15 569
748 1 1353
753 1 226
753 1 4554
757 0 773
758 1 4555
762 8 1342
762 23 719
762 15 728
763 3 524
764 1 731
765 23 4559
766 18 865
767 15 384
767 15 379
767 15 373
767 1 4560
767 1 978
767 1 368
767 1 104
767 1 1124
767 1 4561
767 11 1130
768 17 4562
771 1 552
774 1 837
774 1 829
774 1 752
774 1 4564
774 1 4565
774 1 965
776 15 4354
777 8 778
779 23 655
779 15 268
779 22 1168
781 1 1079
785 8 769
785 8 907
785 22 902
785 22 775
785 22 790
786 1 4568
787 3 788
793 8 792
794 23 4571
794 1 4572
794 1 1079
796 8 4573
797 1 4574
798 1 738
803 1 3338
805 1 1855
806 0 1107
809 1 840
811 1 936
811 1 1832
812 1 1343
812 1 1342
813 22 986
814 1 1066
816 22 817
817 1 816
819 18 850
820 18 865
824 1 4577
824 1 4578
826 1 4580
827 0 872
828 1 4321
829 1 4581
832 1 1142
833 3 855
836 1 2619
839 8 841
839 1 2085
839 1 1469
841 1 58
841 1 4582
842 23 615
842 23 4583
842 1 4565
843 3 4359
846 22 885
847 15 660
847 15 4517
847 1 124
848 1 791
849 1 760
849 1 658
849 11 4584
853 3 719
854 15 810
856 1 801
857 1 844
857 1 802
859 3 858
859 1 841
859 1 4580
860 15 4585
864 3 111
864 1 1160
866 22 852
867 1 527
868 1 4588
868 1 845
870 1 1148
871 18 1076
871 1 1492
871 1 1076
872 1 893
873 3 994
875 23 4590
875 1 4591
876 15 682
876 1 971
877 1 4592
878 1 4592
881 1 4593
882 1 4594
883 8 1658
886 1 4595
888 23 834
890 1 370
890 1 231
891 8 1658
891 15 698
891 22 1005
891 22 2249
891 22 883
891 1 884
893 1 916
893 1 894
894 1 695
894 1 872
894 1 700
895 1 664
900 15 799
900 22 809
904 22 903
905 3 2344
905 1 4596
906 1 4578
907 15 587
907 0 911
908 1 1314
909 0 919
911 23 4326
911 15 822
911 15 605
911 22 4598
911 1 1293
912 0 1087
913 15 730
914 1 1027
914 1 925
915 1 4600
915 1 4601
916 0 961
916 1 894
917 15 838
917 22 880
918 1 4603
919 15 835
920 1 924
925 1 1027
926 23 862
926 22 4605
926 22 892
926 1 1530
927 1 953
927 1 4606
929 3 1050
930 1 932
931 0 818
931 1 1050
933 0 909
933 3 936
933 1 4608
936 3 909
936 1 973
936 1 1134
936 1 972
937 17 879
938 23 887
938 15 4609
938 1 4611
938 1 4612
939 1 1006
940 15 883
940 1 934
942 15 921
946 3 4235
947 3 1053
950 15 897
950 22 939
950 22 935
950 1 940
953 8 1658
953 1 1530
953 1 950
954 1 4617
955 1 4618
955 1 1051
957 23 489
957 23 756
959 1 1116
961 1 894
964 1 4619
968 15 967
968 1 992
968 1 874
969 1 1256
969 1 1255
969 1 1235
969 1 1063
969 1 1028
969 1 1022
969 1 1068
969 1 1077
969 1 1239
973 15 718
973 0 972
973 1 1134
973 1 957
973 1 657
973 1 988
973 1 4621
975 1 1111
977 1 1314
977 1 4622
981 1 1043
983 1 1663
987 23 980
987 23 807
987 1 4624
989 1 227
991 3 901
992 23 4625
992 23 659
992 15 967
992 15 960
992 1 4626
992 1 4627
992 1 4589
993 1 1339
993 1 1116
995 1 1095
996 1 4628
998 1 1022
999 1 1011
1001 1 4629
1002 1 4630
1002 1 1016
1004 1 4632
1006 15 953
1006 22 959
1006 1 1915
1007 8 1658
1007 1 1024
1008 17 1000
1010 1 1632
1011 23 783
1011 16 4634
1011 1 910
1013 17 1096
1013 17 1281
1013 17 1275
1013 17 882
1013 17 4637
1013 17 4638
1013 17 4282
1013 17 1154
1013 17 4639
1013 17 4640
1013 17 4641
1013 17 4642
1013 17 4643
1013 17 4644
1013 17 4645
1015 0 22
1015 1 1698
1015 1 4229
1015 1 250
1018 3 625
1019 3 4411
1021 1 976
1029 1 4228
1029 1 4649
1029 1 4650
1029 1 4651
1033 0 1034
1034 1 1035
1036 1 4555
1039 1 1036
1039 1 2378
1040 1 662
1043 15 956
1044 15 1037
1045 1 4655
1045 1 1304
1047 1 4656
1048 15 1042
1048 15 4657
1048 22 1493
1048 11 1044
1048 11 1037
1048 11 1046
1049 1 4658
1049 1 4659
1049 1 4660
1050 8 1658
1050 0 4661
1051 8 652
1051 1 4666
1051 1 4667
1053 23 4668
1053 22 237
1053 22 236
1053 22 235
1053 1 637
1053 1 762
1055 3 1164
1055 1 894
1057 1 1056
1057 1 1058
1059 8 1658
1060 1 1254
1060 1 1050
1062 8 1050
1062 1 2175
1062 1 1161
1062 1 1006
1064 23 780
1067 1 1669
1068 1 1239
1071 1 4673
1072 1 1855
1073 1 4674
1075 1 4676
1075 1 4677
1075 1 4678
1078 3 1127
1078 3 4679
1079 8 4680
1079 23 596
1079 23 4681
1079 23 4571
1079 1 4682
1079 1 712
1080 1 1329
1081 1 1100
1081 1 1309
1084 15 4686
1084 1 787
1085 3 4687
1087 1 1112
1089 1 1177
1090 1 1177
1091 11 1092
1093 1 4630
1094 15 982
1094 0 1095
1096 1 1170
1098 8 726
1099 15 995
1100 15 4688
1101 3 1106
1102 1 2262
1103 1 2109
1103 1 1100
1104 1 762
1109 1 4693
1112 1 1339
1112 1 1116
1112 1 1053
1113 1 1287
1114 3 1378
1115 3 1378
1116 15 979
1116 22 958
1116 0 1056
1118 15 4696
1118 1 1195
1118 1 371
1118 1 1477
1119 1 1855
1121 1 4697
1121 1 4698
1123 0 1308
1123 1 1855
1124 23 863
1124 0 978
1125 3 4671
1127 15 966
1127 22 4702
1127 22 4679
1127 22 4703
1127 0 4704
1129 0 4705
1129 0 4706
1129 1 4707
1129 1 4708
1129 1 2296
1129 1 2028
1129 1 4706
1129 1 4709
1130 23 4710
1130 0 4521
1130 1 1715
1131 23 504
1131 1 1715
1131 1 1304
1132 1 2092
1133 3 1345
1134 23 988
1134 15 972
1134 1 1321
1134 1 957
1134 1 4621
1134 1 1179
1135 1 1076
1135 11 4711
1136 3 1487
1138 0 1759
1140 1 4714
1141 1 4715
1144 1 1163
1145 1 1319
1146 1 4717
1147 1 949
1149 3 4719
1149 1 750
1150 3 1154
1151 0 4720
1151 0 1163
1152 3 4721
1154 1 4722
1155 1 1252
1156 3 1157
1159 1 4724
1160 1 4725
1160 1 4285
1161 8 1658
1161 1 1339
1161 1 1061
1163 1 4726
1163 1 1184
1164 1 2378
1164 1 1421
1165 1 217
1165 1 2378
1166 1 1319
1168 3 1461
1168 1 779
1168 1 4567
1169 1 984
1170 8 164
1171 23 76
1171 1 4235
1171 1 1170
1172 3 784
1173 8 1093
1174 1 4728
1174 1 4729
1174 1 1223
1174 1 527
1175 3 1158
1175 1 1376
1176 1 1185
1179 15 1139
1180 0 4228
1180 0 1506
1181 0 4228
1181 0 1506
1182 1 4730
1183 23 4338
1183 1 4735
1183 1 4736
1184 23 1110
1184 15 4737
1184 1 4726
1184 1 1144
1185 1 4739
1187 1 1086
1189 1 1506
1190 23 1254
1190 23 1060
1191 1 488
1192 23 997
1192 1 1188
1195 1 1477
1196 0 1163
1197 1 1855
1198 3 1229
1199 1 4744
1200 1 4746
1200 1 4747
1202 1 1268
1203 1 4749
1210 1 1194
1212 1 1116
1215 1 1560
1215 1 2301
1217 0 1371
1219 1 1216
1225 1 1252
1227 8 1263
1227 8 1224
1228 1 1229
1230 1 1619
1230 1 1603
1230 1 1497
1232 15 1220
1233 0 1123
1233 1 1855
1233 1 4754
1236 1 1259
1240 15 1153
1241 1 867
1243 23 1128
1245 1 4755
1246 1 1244
1248 15 4756
1248 15 4757
1248 1 4758
1250 1 1251
1251 1 1269
1252 23 495
1252 23 4759
1252 23 4760
1253 1 4763
1258 23 782
1258 15 1218
1258 1 1282
1260 15 1174
1260 1 527
1261 23 4765
1261 0 1221
1261 3 1222
1261 1 1079
1264 1 1177
1265 1 4766
1267 1 4767
1267 1 861
1272 0 3295
1272 0 4768
1272 0 1812
1272 0 1270
1272 0 4769
1272 0 1848
1272 0 4770
1272 0 4558
1272 0 1864
1272 0 1271
1272 0 4771
1272 0 4772
1272 0 4773
1272 0 2135
1272 0 4774
1272 0 1487
1272 1 4775
1274 1 4777
1276 1 1560
1278 1 1161
1279 0 1341
1279 1 1943
1279 1 1161
1280 0 1309
1280 1 4339
1281 8 4779
1281 23 1226
1283 23 1237
1284 1 4784
1285 0 1463
1285 1 969
1286 1 1296
1287 23 1166
1287 1 1319
1289 3 1663
1290 11 1339
1292 8 4786
1294 1 1701
1297 1 1307
1298 15 1262
1299 3 4788
1300 1 4789
1302 1 4792
1302 1 4793
1304 1 4795
1305 23 1238
1305 23 4796
1307 15 4798
1309 1 1775
1310 1 770
1311 3 4801
1311 1 4803
1312 3 4804
1313 1 2117
1315 18 1317
1316 1 4809
1317 1 1315
1319 1 1545
1321 1 957
1322 15 1303
1324 8 1323
1326 1 4810
1328 1 1855
1329 3 1295
1330 15 1277
1330 1 1593
1333 8 2097
1333 1 1669
1335 0 4813
1335 1 1363
1339 1 1116
1339 1 1212
1339 1 1053
1339 11 1506
1341 15 1254
1341 18 4814
1341 1 2215
1341 1 1530
1342 0 1024
1342 0 800
1342 0 1487
1342 0 4703
1343 0 2188
1343 1 1342
1344 3 1423
1346 1 663
1347 1 4815
1347 1 4816
1348 1 2205
1350 1 1619
1351 8 1615
1352 1 1450
1352 1 1363
1352 1 1094
1353 0 313
1353 1 1328
1353 1 745
1355 1 4821
1357 3 4823
1357 1 1340
1359 22 1365
1359 22 1337
1359 22 1504
1359 22 1367
1359 22 1358
1359 1 1450
1359 1 1330
1362 3 1487
1363 22 4813
1363 22 981
1363 0 4727
1363 0 4683
1365 1 1359
1366 1 4827
1366 1 4828
1367 1 1365
1369 1 941
1369 1 4834
1369 1 4835
1369 1 4836
1369 1 4837
1369 1 4838
1369 1 1463
1369 1 4839
1369 1 4840
1369 1 4841
1370 3 4842
1371 22 1217
1371 22 1059
1371 22 982
1371 0 1095
1371 0 1094
1372 1 4698
1373 1 4844
1373 1 4845
1373 1 4846
1374 3 1375
1375 3 1374
1376 15 1158
1377 1 1249
1378 15 683
1379 22 1361
1379 22 1380
1381 1 4848
1383 22 1446
1383 22 1445
1383 22 1443
1383 22 1442
1383 22 1441
1383 22 1440
1384 1 1391
1385 1 1393
1386 8 1393
1387 3 4671
1392 8 1393
1394 3 2272
1395 1 1533
1395 1 1381
1396 15 1231
1398 0 1406
1399 3 1426
1400 8 4853
1401 8 1397
1401 1 1336
1404 1 4855
1405 0 1426
1405 0 4856
1405 0 4857
1405 0 1640
1405 0 1419
1405 0 4858
1406 15 1388
1407 1 2026
1408 8 1409
1412 3 2072
1413 15 4867
1413 17 4868
1413 1 4869
1415 8 4870
1416 0 1530
1417 1 1161
1420 23 4871
1420 1 4872
1421 1 894
1422 23 974
1424 1 4874
1424 1 1435
1424 1 1432
1424 1 1414
1424 1 1411
1424 1 1410
1424 1 1392
1424 1 4875
1424 1 4876
1424 1 4877
1424 1 4878
1424 1 4879
1424 1 4880
1424 1 4881
1424 1 4882
1424 1 4883
1424 1 4884
1424 1 4885
1424 1 4886
1424 1 4887
1424 1 4888
1424 1 4889
1424 1 4890
1424 1 4891
1424 1 4892
1424 1 4893
1424 1 4894
1424 1 4895
1424 1 4896
1424 1 4897
1424 1 4898
1424 1 4899
1424 1 4900
1424 1 4901
1424 1 1428
1424 1 1412
1424 1 1389
1424 1 4902
1424 1 4903
1424 1 4904
1424 1 4905
1424 1 4906
1424 1 4907
1424 1 4908
1424 1 4909
1424 1 4910
1424 1 4911
1424 1 4912
1424 1 4913
1424 1 4914
1424 1 4915
1424 1 4916
1424 1 4917
1424 1 4918
1424 1 4919
1424 1 4920
1424 1 4921
1424 1 4922
1424 1 4923
1424 1 4924
1424 1 4925
1424 1 4926
1424 1 4927
1424 1 4928
1424 1 4929
1424 1 4930
1424 1 4931
1424 1 4932
1424 1 4933
1424 1 4934
1424 1 4935
1424 1 4936
1424 1 4937
1425 8 4938
1426 23 4939
1429 0 1403
1431 1 1395
1433 1 4943
1434 8 4944
1436 8 4870
1437 3 1426
1438 1 1663
1448 22 896
1449 1 2121
1450 1 2311
1450 1 4819
1453 1 4946
1453 1 4947
1454 1 1456
1455 1 1460
1455 1 4948
1459 1 1458
1460 1 4948
1460 1 4949
1461 1 4567
1464 15 4950
1467 1 1418
1468 1 2097
1473 1 4311
1476 22 1480
1479 1 1652
1481 1 4959
1481 1 1544
1483 1 4961
1485 1 4962
1487 23 1108
1487 1 1519
1489 3 1540
1491 15 1484
1492 0 4966
1492 1 4967
1493 0 4968
1493 1 1183
1494 18 1499
1496 22 2114
1498 23 4969
1500 23 1304
1500 1 1540
1500 1 4971
1500 1 4794
1501 1 4972
1502 3 2192
1503 23 1486
1505 15 4973
1506 15 898
1506 15 4688
1506 15 1101
1506 1 4363
1506 1 1981
1506 1 1309
1506 1 4976
1506 1 4977
1506 1 4557
1510 1 4978
1511 3 4979
1512 0 1382
1512 0 1508
1512 0 1496
1512 0 4980
1513 1 1183
1514 1 1025
1516 1 1183
1516 1 2378
1519 22 1520
1519 3 1520
1520 1 1527
1521 0 4983
1523 3 1966
1526 1 4985
1530 15 945
1530 22 1352
1530 22 1325
1530 22 962
1530 0 1533
1532 1 1149
1533 1 1545
1535 1 1160
1536 1 630
1539 0 1570
1541 1 4989
1542 0 1543
1544 1 4959
1546 1 1402
1546 1 4990
1547 3 1712
1547 18 1712
1548 1 4990
1549 1 1627
1549 1 80
1550 0 1656
1551 23 4991
1551 1 4992
1551 1 4079
1552 1 1830
1555 1 4996
1556 1 4997
1558 1 1561
1559 18 2631
1560 22 1563
1560 22 1427
1562 8 4998
1562 1 1592
1564 1 4999
1565 1 1751
1565 1 5001
1568 15 1490
1569 3 2301
1571 0 5003
1571 1 1643
1572 1 1834
1572 1 2301
1573 22 1997
1573 1 1874
1578 1 4999
1581 1 825
1581 1 5010
1581 1 1409
1584 3 4330
1586 1 4363
1587 1 5014
1590 3 4671
1593 23 1495
1593 1 1677
1593 1 2378
1594 1 1528
1597 1 5019
1600 1 2173
1602 3 5005
1603 1 1594
1604 3 1601
1609 1 571
1610 8 5023
1611 23 5011
1611 23 1583
1612 3 4525
1613 0 2429
1614 17 5024
1614 1 1616
1615 1 2248
1617 3 1639
1617 3 2301
1618 1 1656
1619 1 1594
1622 3 5027
1623 1 1695
1625 1 1637
1626 15 1439
1628 0 5029
1629 1 848
1630 1 2356
1631 1 5014
1632 1 5014
1633 1 5014
1635 3 1538
1637 3 1909
1637 1 1909
1638 0 1909
1639 3 2301
1640 23 5031
1641 8 5032
1641 8 5033
1644 0 1715
1644 3 1715
1645 23 1580
1646 1 4965
1646 11 1531
1647 18 5037
1649 3 1796
1650 1 5039
1651 23 1636
1651 3 1636
1652 8 5023
1653 1 2288
1656 23 5040
1656 22 1589
1656 1 5043
1658 0 2215
1658 0 1530
1658 0 2175
1658 0 1844
1658 0 1596
1658 0 1352
1658 0 1116
1658 0 1094
1658 0 1062
1658 0 1742
1658 0 2188
1660 1 4990
1661 1 5047
1661 1 1079
1663 1 1242
1664 1 5048
1665 1 5050
1666 1 5051
1669 8 5054
1669 1 4950
1671 8 1662
1675 1 2338
1676 1 5059
1676 1 4733
1676 1 1971
1677 1 1833
1677 1 2155
1680 23 1041
1680 1 2338
1681 1 2338
1683 0 1611
1683 1 4363
1683 1 1748
1683 1 1747
1683 1 5061
1683 1 5062
1683 1 5063
1684 0 1858
1685 1 5064
1686 1 4358
1687 1 5061
1688 1 5065
1690 8 5066
1693 1 1699
1695 0 5068
1695 0 5069
1696 1 669
1697 0 2176
1698 1 5071
1698 1 1120
1699 23 1582
1699 1 215
1701 8 1855
1701 15 1291
1701 22 1740
1701 1 5072
1701 1 1452
1701 1 5073
1701 1 5074
1702 1 1504
1703 0 1492
1703 0 1821
1703 0 2301
1703 0 1874
1703 0 5075
1703 0 1708
1703 0 2002
1704 3 2061
1705 3 5077
1708 0 1874
1710 1 1719
1712 1 1887
1715 23 1608
1715 23 504
1715 0 1655
1718 3 2311
1721 1 4424
1722 1 1759
1725 1 5084
1725 1 1672
1727 3 1728
1728 23 1482
1729 8 1803
1734 8 5085
1734 1 5087
1734 1 5088
1735 23 1679
1735 1 4990
1736 1 1737
1737 0 1938
1739 18 2119
1739 1 4358
1740 1 1567
1742 23 1654
1742 1 2059
1743 1 4984
1745 8 1781
1745 3 5092
1747 1 1748
1747 1 1738
1747 1 5090
1747 1 5091
1748 1 1738
1748 1 5090
1748 1 5091
1750 1 5094
1751 23 5000
1751 1 1734
1751 1 5088
1751 1 5096
1751 1 5097
1751 1 5001
1751 1 5098
1752 1 5099
1753 22 2244
1753 22 1863
1753 22 1700
1753 3 1749
1754 3 1826
1754 1 1826
1756 0 1669
1759 8 1784
1759 1 5102
1763 0 5104
1763 0 5105
1763 0 1796
1763 0 5106
1763 0 5107
1763 0 5108
1763 0 1782
1766 3 1726
1771 1 1795
1772 0 4522
1773 1 1800
1777 15 1516
1777 11 1731
1779 1 5125
1779 1 2879
1779 1 5126
1780 1 2534
1780 1 5127
1781 8 5128
1781 1 5093
1782 22 1762
1782 22 5129
1784 8 746
1784 1 227
1784 1 5130
1784 1 5131
1784 1 5132
1786 1 5133
1789 1 2044
1791 0 2200
1793 23 1714
1793 1 5138
1793 1 104
1793 1 54
1794 8 5139
1794 1 2378
1795 1 1808
1796 0 1794
1797 1 5140
1799 15 82
1799 0 399
1800 0 1798
1801 23 5141
1802 23 1685
1804 1 2378
1805 1 1814
1806 23 1769
1808 1 1847
1809 3 2163
1813 1 1921
1813 1 689
1814 8 5144
1817 1 823
1818 1 5123
1819 3 1869
1820 1 5006
1823 0 1887
1827 3 5067
1828 3 2585
1830 23 5146
1833 3 2028
1834 1 2040
1834 1 5150
1834 1 4694
1836 8 1625
1837 3 1874
1839 18 1861
1840 23 5151
1840 23 5152
1840 3 5153
1840 1 5014
1841 0 5155
1841 1 2301
1843 18 2209
1843 1 1849
1844 3 1247
1844 1 1247
1845 1 5156
1846 3 5157
1847 23 5158
1848 1 1812
1849 18 2219
1850 1 5159
1850 1 1860
1852 11 1940
1853 3 5020
1854 0 3349
1855 23 29
1855 15 1143
1855 22 1143
1855 22 1266
1855 22 1567
1855 0 1359
1855 0 1764
1855 0 1265
1855 1 1318
1855 1 5164
1858 22 1857
1858 0 1782
1859 0 1862
1859 0 1881
1859 0 1919
1859 0 1907
1859 0 1842
1859 0 1831
1859 0 1931
1859 0 1880
1859 0 1872
1859 0 1871
1859 1 1907
1859 1 1790
1859 1 1591
1866 8 1868
1868 23 5167
1868 0 1807
1868 1 1839
1871 8 1898
1871 18 1882
1872 0 1765
1872 0 1790
1873 1 5169
1873 1 5170
1874 0 2285
1874 0 2171
1875 3 1753
1878 1 1879
1880 1 1824
1882 3 1898
1884 1 5175
1884 1 2001
1885 3 1900
1887 22 1764
1887 0 1764
1887 1 2003
1891 1 1897
1895 3 1894
1899 3 1937
1899 1 1937
1903 3 1921
1904 0 4424
1905 3 1715
1906 23 1822
1907 23 1893
1907 22 1898
1907 1 990
1909 15 1473
1909 1 1584
1910 23 1694
1910 1 5181
1910 1 1905
1911 1 1907
1914 11 1940
1914 11 1852
1915 1 1916
1922 1 5185
1923 3 1620
1925 8 5187
1929 23 1462
1929 23 1447
1929 23 1234
1929 23 1162
1929 23 1054
1929 23 5190
1929 1 1457
1930 1 2313
1932 3 1929
1934 23 5074
1934 1 1701
1935 3 1815
1938 15 1193
1939 23 1902
1942 0 5194
1942 0 5195
1944 0 2176
1945 3 2056
1947 1 1946
1948 3 5199
1949 0 2138
1950 1 2084
1955 23 343
1956 0 4989
1956 1 2619
1957 22 1965
1957 1 1951
1958 1 1996
1960 1 1730
1962 23 1338
1963 23 1869
1963 1 5208
1969 1 2027
1969 1 1183
1970 23 1831
1970 1 1017
1971 1 1973
1971 1 4733
1973 1 1183
1973 1 1969
1973 1 4733
1974 1 5211
1974 1 5212
1974 1 5213
1975 0 5214
1975 0 4797
1979 0 5214
1979 0 4797
1981 1 4363
1984 1 5221
1985 1 5222
1986 3 2233
1987 1 613
1988 0 4797
1989 1 2157
1990 0 1851
1992 0 5224
1993 3 2033
1995 0 4797
1995 0 5225
1996 1 2006
1998 1 5034
1999 3 1942
2001 3 4229
2003 23 1567
2003 0 5235
2005 1 5236
2006 1 5238
2006 1 711
2007 1 36
2007 1 1471
2008 1 2330
2010 1 2020
2011 1 5242
2011 1 5159
2011 1 2285
2011 1 1972
2011 1 5243
2011 1 2301
2012 0 4542
2013 1 4707
2013 1 2332
2013 1 2050
2013 1 2043
2014 1 1505
2016 0 5245
2017 23 1845
2017 1 1861
2018 0 2157
2021 1 2009
2022 1 2378
2023 1 1839
2026 8 5247
2026 23 1980
2027 1 4544
2027 1 5249
2027 1 1183
2027 1 4565
2027 1 2049
2028 23 1838
2030 3 5250
2032 23 2019
2033 3 2353
2034 8 5252
2034 23 5253
2034 23 1524
2034 1 5254
2035 0 2004
2035 1 2086
2036 3 5048
2037 0 2047
2037 0 2045
2040 23 1941
2040 1 4381
2041 1 5256
2043 1 4707
2043 1 2332
2043 1 2050
2044 8 2085
2045 0 2003
2045 0 2047
2046 0 2138
2046 0 2102
2046 1 5257
2048 3 5242
2050 1 1328
2051 1 2040
2052 1 4599
2053 0 2084
2054 3 5259
2055 1 2057
2058 0 2337
2058 0 5262
2059 1 1692
2060 8 2085
2061 0 3538
2061 1 2052
2062 23 1968
2062 23 1959
2062 23 1892
2062 23 1761
2063 23 2024
2068 8 5269
2070 22 2072
2070 22 2071
2073 3 2036
2078 3 5274
2079 8 2085
2079 1 5275
2080 8 4733
2080 1 5276
2080 1 527
2083 23 1744
2084 23 1917
2084 23 1896
2084 23 1920
2084 1 2088
2085 8 4404
2085 23 5277
2085 23 5278
2085 22 1509
2085 0 1659
2087 3 2248
2088 23 2076
2088 22 1074
2088 1 2159
2091 22 2222
2091 22 2035
2093 1 2301
2095 1 2059
2098 3 2329
2099 3 2113
2100 3 5282
2101 1 2132
2102 0 2138
2103 3 5283
2104 1 5284
2105 3 5285
2106 23 1887
2106 23 1764
2107 3 1929
2109 0 2113
2109 0 2083
2109 0 5224
2109 0 2082
2109 0 2081
2109 1 2104
2111 1 2155
2112 1 4381
2121 1 1242
2122 22 5287
2122 22 2108
2122 22 5288
2123 23 4620
2123 23 1716
2123 23 5289
2123 23 5290
2123 1 5293
2123 1 970
2124 1 2128
2126 3 5242
2127 15 1209
2127 1 5295
2129 1 1595
2130 23 2116
2130 0 3223
2133 1 4990
2134 18 2240
2137 1 5297
2137 1 5298
2137 1 5299
2138 23 2110
2139 1 2165
2141 1 2147
2141 1 4629
2143 1 1669
2145 1 2144
2146 3 2224
2146 1 2378
2147 1 2151
2147 1 5214
2151 0 4797
2152 8 5303
2153 1 2378
2154 18 5304
2155 23 2104
2155 23 5284
2156 0 2220
2157 23 2042
2158 1 4959
2160 3 1933
2162 23 1670
2167 3 5073
2167 3 5308
2169 1 5309
2170 0 5310
2170 18 2252
2171 3 2311
2172 3 2059
2175 0 2222
2175 1 2094
2176 0 1900
2176 0 1719
2176 0 2063
2176 0 2051
2176 0 2024
2176 0 5310
2176 0 2252
2176 0 2234
2176 0 2222
2176 0 2186
2176 0 2177
2176 0 2170
2176 0 2168
2176 0 2159
2176 0 2149
2176 0 1926
2176 0 1921
2176 0 1903
2176 0 1757
2176 0 1746
2176 0 1901
2176 0 1889
2176 0 1811
2176 0 1755
2176 0 1732
2177 0 5310
2177 1 2140
2180 1 4797
2181 23 579
2181 0 4797
2183 23 2164
2183 11 2319
2183 11 5311
2184 1 2180
2185 23 4824
2189 1 2309
2191 0 5312
2191 1 5313
2192 0 4382
2192 0 459
2192 1 1887
2193 1 5314
2193 1 546
2199 0 2238
2199 1 2186
2200 23 2074
2201 0 4797
2202 1 1557
2204 3 2249
2206 1 2304
2207 0 2206
2207 1 2304
2208 1 5322
2210 22 5323
2213 1 5324
2214 3 2212
2215 1 1527
2215 1 1525
2215 1 2188
2217 1 4802
2218 0 2216
2219 1 2209
2220 1 2124
2222 1 2035
2223 3 2238
2224 1 5326
2225 1 2131
2227 23 5327
2227 1 4544
2228 3 2229
2229 1 4544
2230 1 4544
2231 1 4544
2232 1 4544
2236 3 2301
2236 1 2301
2238 1 5328
2238 1 2240
2240 1 2241
2242 3 2221
2243 1 4960
2243 1 5330
2245 1 2246
2248 0 4541
2248 1 242
2248 1 5333
2250 1 5335
2251 1 5336
2252 0 5310
2253 0 4797
2254 1 2256
2254 1 1860
2255 3 4797
2255 1 2166
2257 1 5338
2259 3 5340
2259 3 5341
2259 1 5346
2259 1 2153
2261 1 2237
2262 23 2211
2264 3 4632
2264 1 5349
2266 23 2235
2267 18 2268
2269 0 4632
2269 1 2264
2271 1 4956
2273 1 1173
2275 1 5355
2276 3 2344
2277 23 2148
2277 23 1741
2280 1 4670
2281 23 1396
2284 23 2138
2284 23 5300
2285 1 732
2285 1 4522
2286 3 1201
2287 3 2288
2288 1 2287
2289 8 2302
2290 1 5359
2291 23 5360
2293 23 5362
2295 1 5364
2296 1 4707
2296 1 1166
2297 0 5365
2299 8 4544
2301 23 1335
2301 23 5366
2301 22 1770
2301 22 1768
2301 22 1944
2301 22 1507
2301 22 5367
2301 0 5368
2301 0 5155
2301 0 5369
2301 3 5159
2301 3 2285
2301 3 2011
2301 3 1972
2301 3 5155
2301 1 2269
2301 1 4946
2301 1 5375
2301 1 5376
2305 3 2315
2307 3 2339
2310 1 5383
2311 8 1844
2311 22 1515
2311 0 5365
2311 0 2301
2312 0 5365
2314 3 5361
2317 18 2318
2319 23 2320
2319 3 5384
2319 1 2320
2321 1 2302
2322 3 5386
2323 3 5386
2325 23 1436
2326 8 2325
2327 1 2136
2331 3 2358
2333 1 2332
2333 1 5388
2334 23 2283
2334 23 2282
2334 23 5389
2334 23 5390
2337 8 5256
2337 3 5391
2338 1 1678
2339 0 2336
2341 23 2166
2343 1 2347
2343 1 5395
2346 8 5396
2347 1 5398
2354 1 5268
2355 23 2031
2356 1 5404
2357 1 5123
2362 1 5408
2362 1 5409
2366 1 5416
2367 3 5417
2367 1 5418
2368 1 3486
2369 0 1487
2369 11 1487
2370 1 3153
2371 1 5419
2372 23 5420
2373 3 2912
2374 8 5422
2374 1 5424
2375 11 2762
2375 11 2376
2377 1 5426
2378 0 4707
2378 0 1677
2378 0 1330
2378 0 2594
2378 0 2155
2378 0 1898
2378 0 1733
2378 0 5427
2378 0 2111
2378 0 5428
2378 0 2127
2378 0 2028
2378 0 1183
2378 0 5295
2378 0 4706
2378 0 2178
2378 0 1709
2378 0 1585
2378 0 1498
2378 0 4957
2378 0 1121
2378 0 5429
2378 0 5430
2378 0 5431
2378 0 1946
2378 0 1785
2378 0 5432
2378 0 2626
2378 0 5433
2378 0 5434
2378 0 5435
2378 0 5436
2378 0 5437
2378 0 4565
2378 0 5438
2378 0 5439
2378 0 4733
2378 0 5027
2378 0 5343
2378 0 4587
2378 0 2259
2378 0 1957
2378 0 1912
2378 0 1871
2378 0 1798
2378 0 1661
2378 0 1079
2378 0 5440
2378 0 5441
2378 0 2807
2378 0 5442
2378 0 5280
2378 0 1951
2378 0 1947
2378 0 1122
2378 0 2603
2378 0 2596
2378 0 2470
2378 0 1576
2378 0 5443
2378 1 1183
2378 1 1513
2378 1 5453
2378 11 5454
2381 3 2382
2383 8 2895
2390 8 2442
2390 1 2383
2395 8 2841
2396 3 5464
2397 22 5465
2397 1 2378
2400 23 5468
2401 3 5469
2402 1 5470
2403 1 2456
2403 1 2434
2409 0 2434
2411 3 2879
2412 11 5474
2412 11 3266
2413 3 3063
2414 1 2598
2417 22 2388
2417 0 2462
2419 3 5478
2419 1 5481
2419 1 5482
2419 1 5483
2419 1 5484
2420 23 5485
2421 3 5486
2421 1 5486
2423 1 2433
2424 3 5488
2424 1 5489
2425 3 2383
2425 1 2383
2425 1 2390
2426 3 5490
2427 8 5491
2428 1 5493
2428 1 2378
2429 8 5494
2429 22 5495
2429 22 5496
2429 22 5497
2429 22 3209
2429 22 3197
2429 22 2747
2429 22 2445
2429 22 5498
2429 22 5499
2429 22 5500
2429 22 3192
2429 22 2444
2429 22 5501
2429 22 5502
2429 22 5503
2429 22 5504
2429 22 5505
2429 22 5506
2429 22 5507
2429 22 3783
2429 22 5508
2429 22 5509
2429 22 5510
2429 22 5511
2429 22 3175
2429 22 2866
2429 22 5512
2429 22 3031
2429 22 2387
2429 3 5513
2429 3 5514
2429 3 5515
2429 3 3408
2429 3 3035
2429 3 5516
2429 3 5517
2429 3 5518
2429 3 3783
2429 3 5519
2429 3 5520
2429 1 1666
2429 1 5528
2429 1 5529
2429 1 3375
2429 1 5530
2429 1 5531
2429 1 5532
2429 1 5533
2429 1 5534
2429 1 5535
2429 1 3654
2429 1 5536
2429 1 3302
2429 1 5537
2429 1 5538
2429 1 5539
2429 1 5540
2430 1 2608
2431 3 2539
2432 1 5541
2434 0 5542
2435 1 5544
2436 1 5545
2437 1 5546
2439 1 2449
2439 11 2434
2440 23 5548
2441 3 5550
2442 23 2425
2442 23 5546
2442 3 2386
2447 1 2480
2447 11 5554
2450 1 5556
2450 1 2550
2450 1 5557
2451 11 2454
2452 1 5559
2453 3 5486
2453 1 5486
2456 1 2439
2456 1 5196
2456 1 5560
2457 1 2480
2458 1 2614
2460 15 464
2462 0 2463
2463 0 2418
2471 1 2840
2471 1 2839
2476 3 5563
2476 1 2640
2479 3 3715
2480 8 5566
2480 23 2442
2480 23 2437
2480 23 5554
2486 1 2640
2490 3 2643
2491 1 5570
2492 23 5571
2492 1 2656
2495 1 5572
2496 22 2472
2497 22 2486
2497 22 2485
2497 22 2484
2497 22 2465
2497 22 2464
2498 22 2416
2498 22 2462
2498 22 2417
2498 22 2407
2498 22 2388
2498 22 2418
2498 22 2463
2498 22 2409
2498 22 2410
2498 1 2454
2499 22 2468
2499 22 2467
2499 22 2461
2499 22 2493
2499 22 2489
2499 22 2488
2499 22 2487
2499 22 2483
2499 22 2482
2499 22 2476
2499 22 2475
2499 22 2474
2499 22 2473
2499 22 2469
2499 22 2466
2501 1 5573
2501 1 5574
2504 3 2569
2504 1 2569
2505 8 5578
2507 3 2766
2508 3 2509
2508 3 2569
2509 1 2508
2510 11 2640
2511 1 5412
2512 1 2477
2512 1 2478
2513 1 2455
2513 1 2518
2515 1 5582
2515 1 5583
2517 1 2386
2517 1 2569
2518 1 2455
2519 3 2656
2521 0 2520
2521 0 2523
2524 1 2839
2525 0 3402
2526 1 5584
2527 1 5585
2527 1 2529
2528 3 2524
2532 1 5590
2532 11 2454
2532 11 2451
2533 23 5591
2534 15 5592
2534 1 5593
2534 11 5594
2535 1 5595
2541 1 5600
2541 11 2540
2541 11 5596
2541 11 5597
2541 11 5598
2541 11 5599
2542 1 5602
2543 1 5603
2545 1 2741
2546 3 5605
2548 1 2550
2549 3 3345
2552 1 5606
2553 1 5608
2556 1 5611
2556 1 5612
2558 1 2931
2559 3 5613
2561 1 2393
2561 1 2392
2562 3 3343
2565 1 2563
2569 23 5618
2569 23 2509
2569 23 2386
2569 1 2508
2569 1 3402
2570 3 5439
2570 1 5621
2571 1 5622
2572 3 2573
2574 3 2740
2575 23 5624
2577 3 2624
2578 0 5626
2578 1 5628
2578 1 5629
2578 1 5630
2578 1 5631
2578 1 1422
2578 1 5632
2579 1 5633
2579 1 4877
2581 3 2758
2583 3 5424
2584 1 3147
2585 8 5635
2587 3 5643
2587 1 2929
2589 1 3212
2590 23 5645
2590 23 5646
2590 23 5465
2590 1 3354
2591 1 5648
2591 1 5649
2593 1 5653
2593 1 5654
2593 1 5655
2593 1 5656
2593 1 5657
2594 8 5658
2594 0 5450
2594 1 5662
2599 1 3147
2601 1 2741
2604 1 2672
2604 1 2704
2605 1 5671
2605 1 5672
2606 1 5673
2609 1 2607
2610 8 2630
2612 0 2619
2612 1 5674
2613 1 5676
2615 23 2394
2618 1 5682
2619 1 4989
2619 1 2741
2619 1 5684
2622 1 5689
2625 1 2626
2625 1 5691
2625 1 3147
2626 1 3147
2626 11 5691
2631 1 5695
2633 3 4859
2634 3 2604
2635 1 5698
2635 1 2870
2635 1 5699
2635 1 5700
2635 1 5701
2636 1 2660
2639 1 2774
2639 1 2785
2640 1 5563
2640 1 2718
2640 1 5703
2640 1 5704
2641 1 5706
2641 1 2560
2641 1 2591
2642 1 3277
2642 1 2684
2643 0 2905
2643 0 2671
2643 1 5651
2644 1 5651
2644 1 2584
2646 1 2007
2647 23 2621
2648 1 5708
2651 1 2638
2651 1 2637
2654 8 5711
2654 8 5712
2655 1 2582
2655 1 5570
2657 1 3261
2659 23 5713
2661 1 5714
2663 3 3266
2664 1 2689
2665 1 2773
2668 1 5715
2668 1 5716
2671 1 2905
2672 1 2704
2675 1 2718
2678 1 2666
2681 11 2718
2682 8 5722
2684 1 3277
2686 1 2690
2688 11 5725
2691 3 5726
2692 1 2833
2696 23 1936
2696 3 2701
2698 1 3147
2700 1 3147
2703 3 2972
2704 1 2662
2705 23 2481
2705 23 5730
2705 1 2440
2705 1 2641
2707 23 2522
2707 23 5732
2708 1 2630
2708 1 2938
2708 1 2605
2709 1 2798
2710 3 3111
2712 1 2715
2714 1 5737
2715 1 2791
2716 3 3173
2718 1 2641
2718 1 5739
2718 1 1720
2718 1 2560
2718 1 2591
2722 3 5741
2723 1 3153
2726 8 2827
2727 1 2799
2730 1 2380
2733 1 2569
2734 8 3402
2735 1 5747
2737 1 2938
2740 1 5751
2740 1 5752
2741 22 5753
2741 22 5646
2741 0 5754
2741 0 5349
2741 0 2699
2741 1 5765
2741 1 2695
2741 1 5766
2741 1 5364
2741 1 5767
2741 1 5768
2741 1 5769
2741 1 5770
2741 1 5771
2742 23 5772
2744 0 2734
2746 23 2677
2751 3 2611
2751 11 2693
2752 3 5776
2754 1 1810
2754 1 5779
2754 1 2776
2757 0 2756
2761 0 2760
2762 1 5702
2763 1 5740
2764 1 5788
2765 3 1606
2768 18 2803
2770 1 2811
2770 1 2694
2772 1 2766
2773 1 3257
2777 23 2662
2779 1 2718
2781 1 2897
2781 11 2811
2782 23 2579
2783 1 5795
2788 11 5800
2791 1 2883
2794 1 3007
2794 1 2884
2796 1 2862
2796 1 3075
2798 22 2795
2798 22 2793
2798 22 2812
2798 22 2797
2798 22 2813
2800 23 2711
2800 23 5801
2800 23 5802
2800 23 5803
2800 23 5804
2801 1 2971
2804 1 4537
2806 23 5806
2806 23 2805
2807 3 5439
2807 1 2594
2807 1 5437
2807 1 5439
2808 1 2810
2809 1 5807
2811 1 2536
2815 8 2822
2817 1 2809
2818 1 5810
2821 1 2971
2823 1 5814
2825 0 2697
2826 1 2924
2827 3 5627
2827 1 5815
2827 1 5628
2827 1 2578
2829 1 2815
2830 3 1957
2831 1 5819
2832 1 3237
2836 1 5820
2839 23 2528
2841 8 5824
2841 8 5825
2841 8 5826
2842 23 5827
2842 1 5828
2846 3 2869
2849 0 5832
2849 1 5834
2854 0 3130
2855 1 3363
2856 8 2844
2856 1 5837
2857 3 5838
2861 8 2778
2861 0 2971
2864 3 2658
2868 1 5842
2868 1 5843
2870 23 5699
2871 1 5845
2872 1 3090
2873 1 5847
2873 1 5848
2873 1 5849
2875 1 3241
2877 1 2876
2877 1 5850
2878 3 5851
2881 3 1691
2881 1 2880
2885 23 5853
2885 1 3054
2886 1 2874
2887 1 2883
2889 3 2298
2891 3 2965
2892 0 2902
2894 1 2605
2897 1 5857
2898 8 5858
2899 1 5860
2899 1 5861
2900 3 5862
2901 18 5863
2902 1 2632
2904 1 5865
2906 23 2903
2908 1 5866
2909 1 2705
2913 1 2951
2914 23 2888
2916 1 5867
2916 1 5868
2916 1 5869
2921 1 2909
2921 1 5871
2922 3 5872
2922 1 5873
2923 1 5871
2923 11 3042
2926 1 5880
2927 1 5881
2927 1 2906
2929 1 5651
2930 3 5882
2933 11 2948
2934 1 2913
2934 11 2951
2936 11 2948
2938 23 5885
2938 11 2949
2940 1 2969
2941 1 3311
2941 1 5886
2942 23 2853
2942 23 2516
2946 1 5651
2952 23 2602
2953 11 2955
2954 11 2955
2955 23 2847
2955 11 2957
2955 11 2956
2956 11 2957
2965 23 5895
2965 3 2581
2966 3 3043
2966 1 3185
2967 3 2907
2968 0 3297
2970 1 5897
2971 23 2803
2971 23 2796
2971 23 2806
2971 23 2768
2971 23 2789
2971 0 2862
2971 1 2883
2971 11 2824
2972 1 5900
2975 1 2557
2978 1 3145
2979 23 5904
2983 1 3100
2984 1 5907
2985 8 5908
2986 23 5909
2987 1 2988
2989 0 3005
2989 1 5913
2989 1 5914
2990 0 2992
2990 1 3429
2992 1 3429
2995 1 3329
2997 1 1293
3003 1 3005
3004 1 3294
3005 23 2431
3005 1 5914
3008 3 2979
3014 1 5919
3014 1 5920
3015 3 5708
3015 3 2648
3019 8 5923
3019 8 5924
3019 8 5925
3021 22 3019
3021 22 5923
3021 22 5924
3021 22 5925
3027 1 5932
3027 1 3051
3028 8 5933
3029 3 5745
3030 1 3024
3031 1 5935
3032 1 3218
3034 1 2378
3036 1 3009
3037 1 5940
3039 1 5942
3041 1 3018
3042 0 2777
3042 1 2718
3042 1 2560
3042 1 5871
3042 11 5944
3044 1 5945
3046 1 5946
3046 1 5947
3046 1 3091
3047 1 3064
3050 1 3042
3051 23 2772
3052 1 5950
3053 1 3065
3055 1 3093
3056 3 5951
3057 1 3406
3058 8 5953
3058 8 5954
3059 1 3043
3060 1 3064
3063 23 5955
3063 1 4739
3064 1 3059
3065 1 5958
3066 3 3072
3072 1 5960
3072 1 5961
3073 8 5962
3073 23 5963
3073 1 5964
3075 3 2862
3075 1 5965
3077 15 1178
3077 18 5966
3080 23 2811
3081 1 5968
3086 1 2834
3087 8 5971
3088 1 2835
3089 23 5972
3090 8 1783
3091 23 5975
3091 1 5979
3091 1 3082
3098 1 3251
3098 11 3096
3100 8 5984
3100 1 2983
3100 1 5999
3101 1 3076
3102 1 3873
3102 1 6002
3102 1 6003
3103 3 5843
3105 18 6006
3107 1 3109
3108 1 3109
3109 11 3106
3109 11 3107
3111 1 6008
3113 0 2968
3113 1 6008
3114 1 6008
3115 1 3109
3116 3 3170
3119 1 6010
3119 1 6011
3119 1 6012
3119 1 6013
3119 1 6014
3120 8 6015
3123 1 6020
3123 1 6017
3125 1 3205
3126 1 3122
3127 1 6022
3127 1 6023
3127 1 3682
3127 1 4101
3127 1 6024
3127 1 3091
3127 1 6025
3128 1 6027
3128 1 6028
3128 1 6029
3128 1 6030
3131 1 3404
3136 1 5406
3136 11 3101
3137 3 3237
3138 3 3230
3140 1 3434
3145 0 3048
3145 1 5857
3146 1 3152
3147 23 2715
3147 23 2673
3147 1 1138
3147 1 2728
3147 1 2720
3147 1 2708
3147 1 2667
3147 1 2600
3147 1 2554
3147 1 6041
3147 1 6042
3147 1 5737
3147 1 2731
3147 1 2721
3147 1 2007
3147 1 2645
3148 3 6043
3149 1 6046
3151 1 3006
3151 1 2995
3153 0 2798
3153 0 2860
3153 0 2859
3153 1 2733
3153 1 2741
3155 3 3366
3156 1 6049
3157 1 3145
3159 1 3150
3161 1 6052
3164 1 6053
3165 1 6054
3166 1 3163
3169 23 3133
3170 8 6056
3173 1 2570
3174 3 2700
3176 1 6058
3178 3 6060
3180 3 3333
3182 3 3631
3184 8 6063
3185 1 3243
3187 8 6065
3189 1 3243
3190 1 3243
3191 1 3177
3191 1 3243
3195 1 6076
3195 1 6077
3196 0 3200
3201 1 3293
3202 1 3293
3203 1 3293
3204 1 3293
3205 1 3293
3207 1 3118
3208 23 3013
3210 3 6082
3211 18 6084
3213 3 3232
3215 1 6085
3215 1 6086
3216 11 3215
3217 1 3414
3218 8 2829
3218 0 3002
3218 1 5124
3220 1 3414
3220 1 6091
3220 1 3217
3222 1 2971
3223 1 6093
3227 1 6094
3231 18 5863
3231 18 6095
3233 1 6097
3235 3 6099
3235 1 6100
3236 1 2448
3236 1 3381
3238 1 3249
3240 8 6101
3241 1 6102
3242 1 6103
3243 8 6104
3243 1 3158
3243 1 3118
3243 11 6106
3248 3 6060
3249 8 6109
3250 0 6059
3250 0 6110
3250 0 6111
3250 0 6112
3250 0 6113
3250 0 6114
3250 0 6115
3250 0 6116
3250 0 6117
3250 0 6118
3250 0 6119
3250 0 6120
3250 0 6121
3250 0 6122
3250 0 6123
3250 0 6124
3250 0 6125
3250 0 6126
3250 0 6127
3250 0 6128
3250 0 6129
3250 0 6130
3250 0 6131
3250 0 6132
3250 0 6133
3250 0 6134
3250 0 6135
3250 0 6136
3252 8 6139
3252 1 6140
3253 1 6141
3254 3 3264
3255 1 2925
3260 1 6144
3262 1 4805
3266 1 6152
3268 1 6154
3272 8 6157
3273 1 2105
3274 1 6158
3274 1 6159
3275 1 6160
3276 1 6161
3279 1 3245
3283 1 6165
3283 1 4739
3283 1 3049
3283 1 6166
3283 1 6167
3283 1 6168
3284 8 6169
3285 0 6170
3287 1 3345
3288 1 6173
3290 8 6175
3290 0 3085
3290 1 2658
3290 1 2864
3291 8 6175
3292 0 3321
3296 0 3297
3297 0 6179
3297 0 6180
3297 0 6181
3297 1 6009
3297 1 6008
3297 1 6182
3297 1 6183
3298 1 6185
3298 1 3246
3300 23 3074
3300 23 3073
3300 23 6187
3303 1 3314
3304 1 3312
3304 1 6164
3305 1 3344
3306 1 3312
3306 1 6164
3307 3 6189
3310 0 3309
3311 1 6190
3312 0 3308
3315 1 6192
3317 1 6195
3317 1 6196
3317 1 6197
3317 1 6198
3318 3 6199
3320 1 6200
3321 8 3313
3322 1 6202
3322 1 6203
3322 1 6204
3323 3 3064
3324 0 6206
3325 23 6207
3325 23 6189
3330 1 6210
3332 1 3363
3333 1 6211
3334 23 3331
3335 3 3231
3335 1 5863
3336 1 6210
3337 1 3229
3338 1 6214
3339 1 3109
3341 1 6217
3344 1 6223
3344 1 3301
3344 1 6224
3345 1 6227
3346 1 3185
3347 1 3363
3349 23 763
3349 23 680
3349 15 524
3350 8 6231
3351 1 3328
3352 1 3383
3357 1 6238
3357 1 6239
3358 1 3326
3358 1 6237
3359 3 6240
3360 1 6241
3363 23 1026
3367 8 6248
3371 11 3370
3372 1 3387
3373 1 3434
3373 1 6249
3374 3 3382
3376 0 6009
3376 3 6008
3376 1 6008
3377 1 3326
3378 1 6250
3381 1 3230
3383 1 2983
3383 1 6077
3383 1 6263
3383 1 6264
3384 8 6265
3385 0 3321
3386 1 3388
3388 1 6271
3388 1 6272
3389 1 6273
3390 1 6274
3391 1 6275
3393 1 6278
3394 1 6279
3397 0 3399
3397 3 3296
3397 1 6179
3402 1 3319
3403 1 3326
3404 1 3366
3409 8 6291
3410 18 3426
3411 1 6293
3412 3 3411
3414 1 2585
3414 1 6200
3414 11 3413
3415 8 3401
3415 1 3368
3415 11 3413
3416 8 6295
3416 1 6168
3417 1 6296
3420 3 3419
3421 1 6299
3422 8 3401
3423 8 3401
3423 23 3418
3425 8 6302
3426 3 6304
3428 8 6305
3428 1 6306
3429 1 6308
3430 8 6309
3431 1 6310
3432 1 6311
3432 1 6312
3433 1 6199
3434 0 6313
3434 0 3139
3434 0 3141
3434 0 6082
3434 0 6314
3434 3 6315
3436 1 3404
3436 1 3366
3442 8 3544
3443 1 3461
3444 1 3439
3448 1 3531
3448 1 6320
3448 1 6321
3448 1 6322
3448 1 3923
3449 8 6323
3452 8 6324
3453 8 6325
3454 1 3451
3455 0 3472
3456 1 3535
3458 1 6330
3458 1 3535
3458 1 3456
3460 1 6332
3462 1 2605
3462 1 6333
3463 8 3839
3464 1 6335
3466 8 3839
3467 1 6337
3471 8 3480
3480 8 6346
3481 8 3488
3481 3 6348
3483 3 3655
3485 1 3694
3486 22 6354
3486 1 6356
3488 0 3491
3488 3 6348
3489 8 6332
3491 8 3480
3494 1 3515
3496 3 3502
3497 8 3492
3498 8 3596
3499 1 3662
3501 8 3520
3503 1 3500
3505 1 6365
3506 0 3758
3506 0 3507
3506 0 3525
3509 0 6339
3511 3 6366
3513 1 3516
3514 1 3805
3517 1 3525
3518 0 3465
3520 8 3574
3523 0 3522
3524 18 3845
3527 1 6373
3529 8 6374
3529 1 3676
3535 8 6328
3538 1 6385
3538 1 3539
3538 1 2741
3538 1 6386
3539 8 6387
3539 1 5264
3540 8 3552
3542 8 3839
3544 8 6391
3544 0 6392
3544 0 6393
3544 0 3704
3544 0 6394
3544 1 6402
3549 1 6404
3551 8 6405
3552 8 3839
3553 1 6407
3554 1 3716
3555 1 3521
3556 0 3493
3557 8 3839
3558 8 3839
3558 1 3581
3559 1 3538
3559 1 5264
3563 1 6410
3564 8 3839
3566 1 3560
3568 1 3562
3569 1 6412
3570 1 3569
3572 1 6414
3573 1 3572
3574 8 3839
3574 1 6415
3576 1 3628
3578 1 2455
3580 1 6417
3586 1 6419
3591 8 6423
3592 8 3585
3592 1 3583
3593 1 6424
3594 1 3572
3597 0 3508
3597 0 3504
3597 1 6425
3601 1 6430
3601 1 6431
3602 3 3763
3604 8 3662
3606 8 3726
3609 8 3613
3610 3 3645
3612 1 6433
3613 3 6434
3614 8 3656
3615 8 3611
3618 1 3577
3619 8 3620
3622 1 3528
3625 0 3623
3627 1 3636
3629 1 6437
3630 1 3624
3631 3 3182
3632 1 6441
3633 1 3792
3634 1 6444
3635 1 3495
3638 1 6445
3639 1 3619
3641 1 6446
3642 1 6349
3644 1 3749
3644 1 6447
3648 1 3619
3649 0 3647
3650 8 6448
3650 1 3911
3655 3 6353
3655 1 3483
3655 1 6353
3657 0 3705
3659 1 6451
3660 8 3839
3661 1 6460
3662 8 3839
3663 8 3839
3663 1 6462
3664 1 3643
3666 1 6463
3667 3 3688
3667 1 3565
3668 3 6464
3668 1 6464
3668 1 3665
3668 1 3646
3669 3 3762
3671 1 3754
3672 8 3682
3673 8 3674
3673 1 3667
3674 8 3839
3674 0 3675
3674 0 3579
3678 1 6444
3679 3 6467
3680 1 3653
3682 1 5339
3685 3 3686
3687 3 3697
3690 1 6466
3691 0 6469
3693 1 3927
3694 1 6471
3695 1 3699
3696 1 6473
3702 1 3701
3706 1 3603
3707 1 3652
3707 1 6475
3709 1 3748
3710 0 3727
3711 1 6476
3712 1 6478
3712 1 6479
3713 1 3717
3714 8 3839
3715 8 3699
3718 8 6480
3719 0 3708
3720 1 6481
3721 8 6482
3724 8 3792
3725 1 3731
3728 1 3715
3733 1 3751
3738 1 2725
3739 18 3740
3742 1 3929
3743 1 3703
3744 0 3729
3747 8 3732
3750 0 3761
3751 1 6486
3751 1 6487
3751 1 6488
3752 1 3727
3753 8 6489
3753 8 6490
3753 0 3779
3753 1 3640
3756 1 3684
3760 3 3970
3760 1 6492
3764 1 3782
3764 1 6493
3767 8 3766
3770 1 3790
3771 1 3772
3773 1 3534
3773 1 3929
3777 0 3794
3779 8 6489
3780 8 6500
3781 8 3809
3786 3 6502
3791 1 3774
3792 8 3920
3792 8 3894
3792 8 3548
3794 0 3796
3794 0 3765
3797 8 6507
3800 1 3791
3800 1 3808
3800 1 3774
3802 1 3745
3803 1 3785
3804 0 3927
3804 0 3729
3804 0 3722
3804 1 3582
3805 8 6510
3805 1 6515
3805 1 6407
3806 1 3759
3809 8 3788
3810 0 3817
3813 1 6517
3814 1 3826
3816 1 6518
3818 1 6520
3819 3 3829
3820 1 6521
3822 8 6522
3823 1 6523
3827 1 6524
3831 0 3838
3832 0 6496
3834 1 6527
3834 1 6528
3834 1 6529
3835 8 3825
3836 8 3839
3836 0 3787
3837 0 3644
3837 1 3749
3838 1 3927
3839 0 3532
3839 0 3520
3839 1 6532
3839 1 4198
3839 1 3890
3839 1 3546
3839 1 3516
3839 1 6533
3839 1 3661
3839 1 6534
3842 0 3740
3842 0 3739
3842 0 3738
3842 0 3737
3842 0 3736
3843 8 3844
3846 1 3815
3848 8 3852
3849 0 3811
3849 0 3794
3849 0 3793
3849 0 3937
3850 1 3871
3851 8 6314
3851 8 6537
3851 8 6538
3853 3 3854
3855 0 3955
3858 0 3852
3858 0 3859
3862 1 6541
3864 0 3829
3865 18 3884
3867 8 6542
3868 1 3799
3869 1 3628
3870 8 3879
3872 3 6543
3874 0 3858
3875 1 3858
3876 0 3968
3876 3 3946
3877 0 3875
3879 8 3972
3880 23 6544
3882 8 3924
3882 0 6545
3886 1 6547
3887 1 6446
3888 0 3846
3890 3 4180
3892 1 3861
3792 8 3920
3792 8 3894
3792 8 3548
3794 0 3796
3794 0 3765
3797 8 6507
3800 1 3791
3800 1 3808
3800 1 3774
3802 1 3745
3803 1 3785
3804 0 3927
3804 0 3729
3804 0 3722
3804 1 3582
3805 8 6510
3805 1 6515
3805 1 6407
3806 1 3759
3809 8 3788
3810 0 3817
3813 1 6517
3814 1 3826
3816 1 6518
3818 1 6520
3819 3 3829
3820 1 6521
3822 8 6522
3823 1 6523
3827 1 6524
3831 0 3838
3832 0 6496
3834 1 6527
3834 1 6528
3834 1 6529
3835 8 3825
3836 8 3839
3836 0 3787
3837 0 3644
3837 1 3749
3838 1 3927
3839 0 3532
3839 0 3520
3839 1 6532
3839 1 4198
3839 1 3890
3839 1 3546
3839 1 3516
3839 1 6533
3839 1 3661
3839 1 6534
3842 0 3740
3842 0 3739
3842 0 3738
3842 0 3737
3842 0 3736
3843 8 3844
3846 1 3815
3848 8 3852
3849 0 3811
3849 0 3794
3849 0 3793
3849 0 3937
3850 1 3871
3851 8 6314
3851 8 6537
3851 8 6538
3853 3 3854
3855 0 3955
3858 0 3852
3858 0 3859
3862 1 6541
3864 0 3829
3865 18 3884
3867 8 6542
3868 1 3799
3869 1 3628
3870 8 3879
3872 3 6543
3874 0 3858
3875 1 3858
3876 0 3968
3876 3 3946
3877 0 3875
3879 8 3972
3880 23 6544
3882 8 3924
3882 0 6545
3886 1 6547
3887 1 6446
3888 0 3846
3890 3 4180
3892 1 3861
3896 18 4085
3899 1 6444
3901 8 3902
3904 1 3921
3905 8 3958
3907 0 3896
3908 0 6549
3909 3 3891
3909 1 3906
3912 0 3927
3912 1 6515
3913 3 3919
3916 1 6550
3917 8 4148
3927 8 3689
3927 1 6552
3927 1 3838
3928 8 3950
3930 8 3936
3935 8 3732
3937 8 6555
3938 1 3955
3940 1 6557
3941 3 3943
3942 1 3922
3947 0 3931
3949 8 6324
3949 1 6562
3959 1 3951
3961 1 6567
3962 1 6568
3963 1 3915
3964 1 3957
3965 3 3903
3965 1 6568
3968 0 3866
3968 0 3932
3968 0 3898
3968 1 3977
3968 1 3975
3969 1 3974
3974 8 3973
3978 1 6569
3979 8 3982
3983 1 6571
3984 8 3976
3984 0 3981
3986 8 4003
3988 1 3987
3993 1 6573
3994 1 6195
3994 1 4045
3996 8 4011
3996 8 3995
3999 8 4000
4002 1 3991
4006 3 4054
4007 18 4043
4008 1 4159
4011 0 4013
4011 0 4012
4014 3 3997
4015 0 4056
4017 8 3812
4017 1 3801
4018 3 6547
4019 3 4030
4020 1 3993
4020 1 6573
4021 1 3595
4022 3 4023
4022 1 6575
4023 1 6575
4024 3 4027
4026 1 4025
4028 1 6576
4032 1 4005
4033 1 4049
4034 1 4063
4035 1 4048
4036 1 4064
4037 3 3925
4039 1 6577
4040 1 3862
4040 1 6445
4042 0 6578
4044 3 4080
4046 1 4086
4052 8 4030
4057 0 4058
4059 0 4010
4060 3 4009
4062 1 6580
4063 0 4065
4064 1 4051
4064 1 4050
4066 18 4136
4067 18 4113
4068 0 4055
4068 1 4031
4070 3 4030
4071 23 6033
4072 1 6581
4073 1 6535
4074 3 3777
4074 1 4195
4076 8 4069
4081 1 4077
4082 0 4078
4082 3 4011
4082 3 4098
4084 1 4097
4087 1 4125
4088 3 4090
4091 8 4141
4094 3 4211
4095 1 3836
4096 1 6583
4097 0 4209
4097 1 4071
4098 3 4011
4099 3 4106
4102 18 4192
4104 3 4081
4107 0 4118
4108 1 4167
4111 3 4112
4116 3 4084
4117 3 4093
4119 3 3857
4122 8 4140
4126 8 4124
4127 0 4114
4129 0 4130
4131 1 3839
4132 3 4219
4135 18 4197
4137 1 4132
4143 3 4194
4144 1 6587
4145 3 4146
4149 1 4164
4150 3 6589
4151 1 3628
4154 3 4181
4156 1 4064
4159 8 3676
4159 1 3676
4159 1 6590
4160 0 4013
4160 1 4128
4165 0 4153
4168 0 3944
4168 0 3945
4169 3 4133
4170 3 4163
4171 1 4207
4172 1 4152
4174 1 3684
4175 3 4187
4176 1 4175
4176 1 4187
4177 1 4179
4178 1 3957
4180 3 4183
4182 1 6594
4186 1 4184
4188 3 4196
4189 0 4226
4191 1 6596
4193 3 4118
4198 1 3835
4200 3 4217
4200 1 3795
4201 0 4030
4201 3 4157
4204 3 4202
4204 3 4155
4205 3 4206
4207 0 4138
4210 0 4078
4210 1 4214
4213 3 4166
4221 3 4208
4222 3 4225
4223 1 4224
