3000
0 0 18
0 0 93
1 1 4228
2 2 34
3 3 8
4 0 428
4 1 428
5 4 18
6 2 4229
7 0 428
7 5 89
8 6 3
9 7 4230
9 6 16
10 7 560
11 4 164
12 1 4231
13 1 141
14 3 18
15 3 107
16 8 4232
16 3 9
17 9 4233
18 10 0
18 6 14
18 4 4234
18 1 5
19 3 26
20 1 4235
21 1 4236
22 10 1015
22 4 4229
23 11 313
24 4 4237
25 4 744
26 6 19
27 4 40
27 1 164
27 12 32
28 6 102
29 13 1855
30 4 128
31 2 4238
32 14 27
33 2 125
33 4 35
34 15 2
34 1 4239
35 16 4228
35 1 33
36 4 2007
37 1 468
37 1 347
38 17 4240
38 10 40
39 1 103
40 0 144
40 0 140
40 0 134
40 0 67
40 0 4241
40 0 4242
40 0 4243
40 0 4244
40 0 38
40 0 156
40 5 4235
40 6 43
40 4 4245
40 1 27
40 1 84
41 4 164
42 18 4246
43 3 40
43 1 84
44 13 4229
45 1 77
46 4 84
46 1 132
47 4 4247
47 1 125
47 1 1506
47 1 1309
47 1 4248
48 4 141
48 4 49
49 1 48
50 2 4249
50 19 4250
50 19 4251
51 5 258
51 4 4229
52 3 1431
53 17 4252
53 17 4253
53 1 2079
54 4 104
54 4 1793
55 4 4254
56 7 70
57 17 4255
57 17 4256
57 17 4257
58 4 841
59 1 4258
60 5 61
61 8 60
62 1 4259
63 1 73
64 11 71
65 4 4260
66 2 389
67 10 40
68 1 556
69 1 4261
70 17 4262
70 17 56
70 17 4263
70 17 4264
71 9 64
72 7 75
73 4 63
74 20 4265
74 20 4266
74 20 4267
74 13 98
74 19 4268
75 17 72
76 13 1171
77 4 45
78 10 84
79 3 93
79 3 486
79 21 84
80 10 99
80 4 1549
81 8 84
82 2 1799
82 4 87
83 1 354
84 22 79
84 0 4269
84 0 4270
84 0 4271
84 0 4272
84 0 337
84 0 124
84 0 102
84 0 93
84 0 4273
84 0 4274
84 0 4275
84 0 486
84 0 4276
84 0 132
84 0 4277
84 0 4278
84 0 78
84 0 4279
84 0 106
84 0 119
84 5 81
84 4 43
84 4 40
84 1 46
85 3 247
86 14 1171
87 4 128
87 4 97
87 1 82
88 2 132
89 8 7
90 1 488
91 6 94
92 0 165
92 0 1053
92 10 145
92 1 254
93 10 0
93 10 84
93 6 79
93 1 164
94 3 91
95 4 4280
96 8 4281
97 2 278
97 1 87
98 23 74
98 15 4265
98 15 4268
98 15 4266
98 15 4267
99 0 80
99 4 4282
100 22 1052
100 22 193
100 24 4283
101 24 4283
101 1 258
102 3 28
102 10 84
102 4 4284
103 4 39
104 4 767
104 4 1793
104 1 54
105 3 170
106 10 84
107 6 15
108 1 131
109 3 139
110 13 135
110 2 634
111 6 864
111 1 4285
111 1 1160
112 3 113
113 6 112
114 5 115
115 8 114
115 5 116
116 8 115
116 5 560
117 4 4286
118 1 1784
119 10 84
120 16 1518
121 3 458
122 4 123
123 1 122
124 10 84
124 4 847
124 4 4287
125 15 33
125 4 47
126 1 918
127 13 4288
128 1 87
128 1 30
129 2 399
129 10 131
130 3 361
131 0 129
131 2 399
131 4 108
132 15 88
132 10 84
132 4 46
132 1 4289
132 12 541
133 4 338
133 1 4290
134 2 144
134 10 40
134 1 556
135 23 110
136 6 4291
136 12 4292
137 4 150
138 1 488
139 2 191
139 6 109
140 10 40
141 4 13
141 1 48
142 5 418
143 3 4241
144 15 134
144 10 40
144 4 556
145 0 165
145 0 92
145 12 375
146 8 4293
146 4 4294
147 3 148
147 1 439
148 6 147
149 4 4295
150 4 4296
150 1 137
150 1 4297
151 3 4298
152 4 206
153 1 595
154 1 4299
154 1 2973
155 13 167
156 10 40
157 13 163
158 1 178
159 1 842
159 1 162
160 3 272
161 1 334
162 24 842
162 4 159
163 23 157
164 23 4300
164 5 1170
164 4 691
164 4 93
164 4 27
164 1 4301
164 1 41
164 1 386
164 1 11
165 10 145
165 10 92
165 4 4302
166 23 4303
167 23 155
167 4 4304
167 4 380
168 1 1781
168 1 180
169 13 4305
169 13 4306
169 9 4307
170 6 105
171 1 172
172 4 171
173 4 318
174 1 210
174 1 177
174 1 191
174 1 4283
175 18 4308
176 10 4309
177 22 184
177 4 174
177 4 191
177 1 210
177 1 190
178 4 158
178 1 272
179 1 4286
180 4 168
181 18 188
182 3 185
182 18 188
183 2 240
184 2 210
184 21 177
185 18 188
185 6 182
186 18 188
187 18 188
188 25 187
188 25 186
188 25 185
188 25 182
188 25 181
189 1 250
190 4 177
190 4 4310
190 1 191
190 1 4283
191 8 4283
191 15 139
191 26 408
191 4 174
191 4 190
191 1 177
192 10 238
192 1 296
193 21 100
194 1 4311
194 1 4312
195 1 321
196 9 601
197 4 611
198 1 747
199 4 707
200 8 593
201 1 204
202 1 2248
203 1 556
204 4 201
205 3 4313
206 4 4314
206 1 152
207 1 559
208 4 583
208 4 704
209 4 258
209 1 628
209 1 732
210 15 184
210 4 174
210 4 177
211 13 4315
212 9 593
213 9 593
214 1 360
215 4 1699
216 1 242
217 4 1165
218 3 230
219 8 224
220 1 4316
221 27 4283
222 15 4317
222 20 225
223 2 266
224 5 219
225 15 4317
225 20 222
225 2 665
226 4 753
227 4 989
227 4 243
227 4 1784
228 3 376
228 12 1252
229 3 4318
229 1 267
229 1 938
230 15 4319
230 6 218
230 4 592
230 4 510
230 1 4320
231 4 890
232 4 260
233 12 394
234 4 253
235 21 1053
236 21 1053
237 21 1053
238 0 192
239 2 260
240 15 183
241 7 249
242 4 2248
242 4 216
243 1 227
244 6 4321
244 1 1530
245 4 260
246 7 249
247 6 85
248 10 4322
248 1 4323
249 17 246
249 17 241
250 4 1015
250 4 189
251 4 252
251 1 527
252 1 251
253 1 234
253 1 345
254 4 92
255 4 257
256 24 1430
256 1 3045
257 4 354
257 1 255
258 8 51
258 23 4324
258 22 1431
258 0 4283
258 4 366
258 4 101
258 1 209
259 3 1051
260 15 239
260 1 232
260 1 245
261 27 265
262 1 2248
262 1 264
263 2 399
264 4 262
264 1 2248
265 0 286
265 28 261
266 15 223
267 4 229
268 2 779
269 18 4325
270 1 277
271 1 417
272 6 160
272 4 178
272 1 332
272 1 4326
273 1 374
274 1 2174
275 3 4327
276 27 292
276 1 281
277 4 270
278 15 97
278 4 4328
279 3 514
280 2 502
281 2 519
281 4 276
282 19 354
283 1 318
284 15 4329
284 2 4330
284 4 4331
285 16 4332
285 16 4333
285 2 358
286 10 265
286 1 1382
287 19 4334
288 5 4335
289 2 304
290 5 295
290 5 293
291 1 616
292 3 1099
292 28 276
293 8 290
294 24 611
294 4 577
295 8 290
296 2 305
296 4 192
297 10 4336
298 24 611
298 4 577
299 2 311
300 12 1285
301 4 485
301 4 4337
302 4 303
303 4 4338
303 1 302
304 15 289
305 15 296
306 4 598
306 4 309
306 4 308
306 4 307
307 1 306
308 1 306
309 1 306
310 4 4339
311 15 299
312 19 4340
312 1 4341
313 10 1353
313 10 324
313 9 23
314 1 327
315 13 627
315 1 327
316 8 328
317 2 515
318 4 283
318 1 319
318 1 4283
318 1 173
319 4 318
320 2 358
321 23 4342
321 4 195
322 1 1053
323 1 4343
324 0 313
325 1 334
326 13 707
327 4 315
327 4 4344
327 4 314
327 4 4345
327 4 688
327 4 627
327 4 4346
327 4 4347
328 5 316
329 8 339
330 1 339
331 9 4348
332 13 350
332 13 349
332 13 336
332 4 272
333 10 398
334 4 161
334 4 325
335 2 653
336 23 332
336 18 349
337 10 84
337 4 4349
338 8 447
338 1 133
339 5 340
339 5 329
339 5 4350
339 5 4351
339 10 4352
339 4 447
339 4 330
340 8 339
340 13 445
341 4 391
342 1 899
343 13 1955
344 4 401
345 4 253
346 3 1051
347 8 468
347 4 37
347 1 2576
348 2 388
348 2 353
349 23 332
349 25 336
349 1 477
350 23 332
350 1 477
351 0 4353
352 1 477
353 15 348
353 15 4354
353 1 4355
354 8 4356
354 16 282
354 4 83
354 4 4357
354 1 849
354 1 257
355 2 4358
356 4 4359
357 1 875
358 15 320
358 15 285
358 4 4360
359 3 1320
359 3 4361
360 15 4362
360 4 214
360 1 4363
361 6 130
361 4 4349
361 1 890
362 3 363
363 6 362
364 4 4364
365 4 372
366 1 258
367 4 373
368 4 767
368 4 373
369 2 413
370 4 890
371 4 1118
372 1 365
373 5 707
373 2 767
373 1 367
373 1 368
373 1 4365
374 4 273
375 14 145
375 12 726
376 6 228
377 8 4366
378 4 388
379 2 767
379 1 831
380 1 167
381 1 4367
382 13 415
383 0 4325
384 2 767
385 13 4363
386 4 164
386 1 693
387 4 510
388 15 348
388 15 4354
388 4 4368
388 1 378
388 1 4355
389 15 66
390 1 3083
391 15 4369
391 1 341
392 3 595
393 8 726
393 3 454
394 14 233
395 4 448
396 4 448
397 24 501
398 0 333
398 0 417
399 15 263
399 15 131
399 15 129
399 22 689
399 22 421
399 22 830
399 22 470
399 26 404
399 10 1799
400 6 4370
401 6 4371
401 4 4372
401 1 344
402 13 621
403 1 4283
404 24 399
405 15 4354
405 14 4330
406 1 425
407 4 668
408 24 191
409 11 424
410 24 621
411 4 621
411 11 424
412 6 455
413 15 369
414 11 424
415 23 382
416 1 4373
416 1 4374
417 10 398
417 4 271
418 8 142
418 6 419
419 3 418
420 14 474
421 21 399
422 5 4330
422 12 725
423 1 620
424 2 621
424 9 414
424 9 409
424 9 411
425 4 406
425 4 4372
426 1 592
426 1 510
427 17 4375
428 10 4
428 10 7
428 10 4376
428 4 4
429 2 481
430 4 488
431 21 454
431 1 454
432 13 519
432 21 436
433 21 436
434 15 655
434 12 779
435 23 4377
436 22 433
436 22 432
436 13 519
437 26 2094
438 6 477
439 4 147
440 6 477
441 1 1048
442 1 512
443 9 539
444 13 496
444 1 461
445 23 340
446 3 561
447 5 338
447 4 684
447 1 339
448 23 4378
448 22 567
448 6 467
448 1 395
448 1 396
449 11 450
449 11 4379
450 9 449
450 11 4379
451 8 4380
452 4 575
453 3 647
454 22 431
454 0 577
454 6 393
454 4 431
454 4 4337
455 3 412
456 1 508
457 13 532
457 13 4381
458 6 121
458 1 2109
459 18 4382
459 10 2192
459 10 4383
459 1 2252
459 1 2170
460 8 560
460 1 510
461 2 496
461 4 444
462 13 481
462 1 473
463 1 615
464 2 2460
465 13 510
466 1 471
467 3 448
468 5 347
468 4 37
469 2 498
470 21 399
471 15 4384
471 4 466
472 1 716
472 1 614
473 13 481
473 4 462
474 2 480
474 12 420
475 4 495
476 21 4330
476 4 4385
476 1 4386
477 3 440
477 3 438
477 4 352
477 4 350
477 4 349
477 12 578
478 1 861
479 4 4387
480 23 4326
480 15 474
481 23 473
481 23 462
481 15 429
482 3 487
483 1 4381
484 1 2288
484 1 4388
485 8 4389
485 1 301
486 10 84
486 6 79
487 6 482
488 6 503
488 4 1191
488 4 138
488 4 90
488 4 4390
488 1 430
488 1 4391
488 1 4392
488 1 4393
488 1 4394
489 13 957
489 1 2155
489 1 4395
490 1 2285
490 1 624
491 2 538
492 4 4396
492 4 620
493 13 4397
493 6 495
494 13 540
494 24 4398
494 4 4399
495 8 4400
495 3 493
495 13 1252
495 1 475
496 23 444
496 15 461
497 13 512
497 1 608
497 1 600
497 1 610
498 15 469
498 22 626
498 4 4401
498 4 4402
498 4 4403
499 1 4404
500 4 4405
500 1 4406
500 1 1784
501 26 397
501 13 4406
501 1 512
502 15 280
503 3 488
504 13 1715
504 13 1131
505 2 549
506 13 720
507 21 515
508 4 456
508 1 615
508 1 522
509 2 4381
510 23 465
510 4 460
510 4 426
510 4 4407
510 1 387
510 1 230
510 1 592
511 6 547
512 23 497
512 4 442
512 4 501
512 1 4408
513 2 514
514 15 513
514 6 279
515 23 4409
515 15 317
515 15 4410
515 22 507
515 1 725
516 1 571
517 8 4411
518 14 4283
519 23 436
519 23 432
519 15 281
519 22 2270
519 22 4412
519 22 1088
520 4 580
521 3 1140
521 14 707
522 2 4413
522 4 508
523 2 4381
524 2 3349
524 6 763
525 13 4414
525 1 1459
526 4 4415
526 4 686
527 4 2080
527 4 1174
527 4 251
527 4 686
527 4 1260
527 4 867
528 4 686
528 1 4416
529 4 693
529 4 686
530 1 595
531 1 4417
532 23 457
532 2 4381
532 1 926
533 3 963
533 12 4418
534 1 1214
535 4 4419
536 3 4420
536 13 4421
537 1 4381
537 1 555
538 15 491
538 1 4381
539 15 4422
539 11 443
540 23 494
540 23 4399
540 4 4423
541 14 132
542 3 612
542 1 4424
543 0 4381
543 0 555
543 19 4381
544 3 891
544 1 891
545 4 667
546 4 2193
546 4 4425
547 29 585
547 3 511
548 10 555
548 1 1309
549 15 505
550 9 592
551 2 562
552 0 1958
552 7 613
552 4 771
553 1 628
554 30 4381
554 21 4381
554 21 555
555 22 554
555 0 548
555 10 543
555 10 4426
555 4 537
555 1 4381
556 4 203
556 4 134
556 4 68
556 1 144
557 1 4427
558 7 560
558 4 4428
558 1 4429
559 4 207
559 1 570
560 8 116
560 17 4430
560 17 4431
560 17 558
560 17 10
560 17 4432
560 17 4433
560 17 4434
560 17 4435
560 17 4436
560 17 4437
560 17 4438
560 17 4439
560 17 4372
560 17 4440
560 17 4441
560 17 4442
560 17 4443
560 17 4343
560 17 4444
560 17 4445
560 17 4446
560 17 4447
560 17 4448
560 17 4449
560 17 4450
560 17 4451
560 17 4452
560 17 4453
560 17 4454
560 17 4455
560 17 4456
560 17 4457
560 17 4458
560 17 4459
560 17 4460
560 17 4461
560 17 4462
560 17 4463
560 17 4464
560 17 4465
560 17 4466
560 17 4467
560 17 4468
560 5 460
560 1 4469
560 1 4470
561 13 590
561 6 446
562 15 551
563 1 1450
564 1 615
565 7 566
566 17 4471
566 17 4472
566 17 4316
566 17 565
566 4 4473
566 1 746
567 3 1369
567 21 448
567 4 4474
568 25 4475
568 4 4476
569 2 747
570 4 559
571 4 1609
571 4 516
572 3 573
573 6 572
574 1 4477
575 1 452
576 2 4439
577 10 454
577 24 602
577 9 599
577 1 298
577 1 4478
577 1 4479
577 1 4480
577 1 294
578 14 477
579 13 2181
580 1 520
581 4 4481
582 4 4482
583 15 4483
583 4 4280
583 1 4484
583 1 208
583 12 1193
584 2 711
585 29 547
586 2 645
587 2 907
588 23 4485
589 1 648
590 23 561
591 24 602
591 9 601
591 9 593
592 4 510
592 4 426
592 1 230
592 11 550
593 5 200
593 9 601
593 11 591
593 11 213
593 11 212
594 4 4486
595 6 392
595 4 530
595 4 153
595 1 4487
596 13 1079
596 1 4488
597 10 4489
597 12 4490
598 1 306
599 11 577
600 4 497
601 11 593
601 11 591
601 11 196
602 26 591
602 26 577
602 11 604
603 1 1782
604 9 602
605 2 911
606 21 609
607 11 609
608 4 497
609 22 606
609 9 607
610 4 497
611 16 4491
611 26 298
611 26 4478
611 26 4479
611 26 4480
611 26 294
611 1 197
612 2 4424
612 6 542
612 4 4492
613 17 552
613 17 4493
613 17 4494
613 4 4495
613 4 1987
613 4 4496
614 4 472
615 3 714
615 13 842
615 13 697
615 4 714
615 4 564
615 4 463
615 4 508
615 11 4497
616 4 291
617 1 4498
618 29 631
619 1 1130
620 4 423
620 1 492
621 23 402
621 15 424
621 15 4499
621 26 410
621 4 4500
621 1 411
622 4 632
622 4 4501
622 4 4502
623 30 688
624 4 490
625 6 1018
626 15 4401
626 21 498
627 23 315
627 1 327
628 4 553
628 4 209
629 4 642
629 1 4286
630 4 1536
631 29 714
631 29 618
632 1 622
633 1 693
634 15 110
634 4 4503
635 12 3349
635 12 1854
636 1 4504
637 4 1053
638 13 4505
639 3 759
640 6 4506
640 1 4286
641 25 4507
642 4 4508
642 1 629
642 1 4509
642 1 4286
643 1 4286
644 1 4286
645 15 586
646 13 690
647 6 453
648 4 589
649 23 4510
650 10 4511
650 10 4352
650 10 4512
650 1 4513
650 1 4514
651 13 661
652 5 1051
653 15 335
654 1 749
655 13 779
655 2 434
656 1 4515
657 4 973
657 1 718
658 25 4516
658 4 4488
658 4 849
659 13 992
660 2 847
660 4 4517
661 23 651
662 4 1040
663 4 1346
664 4 895
665 15 225
666 1 4518
667 1 545
668 1 407
668 1 4519
669 4 1696
670 1 674
671 8 1130
671 0 4520
671 1 4521
672 3 4381
672 1 2285
672 1 4522
672 1 1112
673 2 719
674 4 670
675 10 4523
676 13 735
677 1 690
678 1 4524
679 29 730
679 29 696
680 13 3349
680 1 763
680 1 4525
681 1 1207
682 2 876
682 1 808
683 2 1378
684 1 1042
684 1 2027
684 1 447
685 3 1448
686 1 529
686 1 528
686 1 527
686 1 526
687 4 4526
688 30 623
688 30 772
688 1 327
689 21 399
689 4 1813
690 23 646
690 4 677
691 1 164
692 3 706
693 4 633
693 4 386
693 4 4526
693 1 529
694 1 4527
695 6 700
695 4 894
696 29 679
697 23 615
697 0 1130
698 15 4528
698 2 891
698 4 4529
698 1 4530
699 4 4530
700 3 695
700 4 894
701 1 741
702 4 4531
703 3 740
704 23 4532
704 1 208
705 3 4236
706 6 692
707 8 373
707 23 326
707 4 4533
707 1 199
707 1 4534
707 12 521
707 12 708
708 8 711
708 14 707
709 1 4535
710 1 1369
711 15 584
711 5 708
711 4 2006
712 4 1079
713 3 772
714 29 631
714 6 615
714 1 615
715 1 4536
716 4 472
717 1 770
718 2 973
718 4 657
719 15 673
719 13 762
719 6 853
720 23 506
721 3 4381
722 3 4537
723 29 4538
724 1 973
724 1 1138
725 8 4330
725 8 4539
725 17 4540
725 4 515
725 14 422
726 0 4541
726 0 1813
726 0 4542
726 5 1098
726 5 393
726 14 375
726 12 1342
727 1 4543
728 2 762
729 1 1187
730 29 679
730 2 913
731 4 764
732 4 2285
732 4 209
733 1 4544
733 1 2182
734 15 4545
735 23 676
736 3 4469
737 9 4546
738 4 798
739 3 869
740 6 703
740 1 4381
741 4 701
741 1 795
742 1 4547
743 1 854
744 1 837
744 1 25
745 4 1353
746 8 4548
746 17 4549
746 17 4550
746 17 4551
746 17 4552
746 17 4260
746 17 1013
746 5 4298
746 5 1784
746 4 566
746 1 1170
746 1 4404
746 31 4553
747 15 569
747 4 198
748 1 1353
749 4 654
750 4 1149
751 29 938
752 4 774
753 1 226
753 1 4554
754 29 755
755 29 754
756 13 957
757 0 773
758 1 4555
759 6 639
760 4 849
761 2 4556
762 8 1342
762 23 719
762 15 728
762 10 4557
762 4 1104
762 4 1053
763 3 524
763 13 3349
763 6 4558
763 4 680
764 1 731
765 23 4559
766 18 865
767 15 384
767 15 379
767 15 373
767 1 4560
767 1 978
767 1 368
767 1 104
767 1 1124
767 1 4561
767 11 1130
768 17 4562
769 5 785
770 10 4563
770 4 717
770 4 1310
771 1 552
772 30 688
772 6 713
773 10 757
774 1 837
774 1 829
774 1 752
774 1 4564
774 1 4565
774 1 965
775 21 785
775 24 4566
776 15 4354
777 8 778
778 5 777
779 23 655
779 15 268
779 22 1168
779 10 4567
779 4 1168
779 14 434
780 13 1064
781 1 1079
782 13 1258
783 13 1011
784 6 1172
785 8 769
785 8 907
785 22 902
785 22 775
785 22 790
786 1 4568
787 3 788
787 4 1084
788 6 787
789 26 4569
789 10 4570
790 21 785
791 4 848
792 5 793
793 8 792
793 12 1009
794 23 4571
794 1 4572
794 1 1079
795 4 741
796 8 4573
797 1 4574
798 1 738
798 31 4553
799 2 900
800 10 1342
801 4 856
802 4 857
803 1 3338
804 20 4404
804 20 1079
805 1 1855
806 0 1107
807 13 987
808 4 682
809 21 900
809 1 840
810 2 854
811 10 4359
811 1 936
811 1 1832
812 1 1343
812 1 1342
813 22 986
814 1 1066
815 6 4575
816 22 817
816 4 817
817 21 816
817 1 816
818 10 931
819 18 850
820 18 865
821 4 4576
822 2 911
823 4 1817
824 1 4577
824 1 4578
825 4 1581
825 4 4579
826 1 4580
827 0 872
828 1 4321
829 4 774
829 1 4581
830 21 399
831 4 379
832 1 1142
833 3 855
834 13 888
835 2 919
836 1 2619
837 4 744
837 4 774
838 2 917
839 8 841
839 1 2085
839 1 1469
840 4 809
841 5 839
841 4 859
841 1 58
841 1 4582
842 23 615
842 23 4583
842 26 162
842 4 159
842 1 4565
843 3 4359
844 4 857
845 4 868
846 22 885
847 15 660
847 15 4517
847 1 124
848 4 1629
848 1 791
849 4 354
849 1 760
849 1 658
849 11 4584
850 25 819
851 31 4553
852 21 866
853 3 719
854 15 810
854 4 743
855 6 833
856 1 801
857 1 844
857 1 802
858 6 859
859 3 858
859 1 841
859 1 4580
860 15 4585
860 2 4586
861 4 478
861 4 1267
862 13 926
863 13 1124
864 3 111
864 1 1160
865 25 820
865 25 766
866 22 852
867 4 4587
867 4 1241
867 1 527
868 1 4588
868 1 845
869 6 739
870 1 1148
871 18 1076
871 1 1492
871 1 1076
872 10 827
872 4 894
872 1 893
873 3 994
874 4 968
874 4 4589
875 23 4590
875 4 357
875 1 4591
876 15 682
876 1 971
877 1 4592
878 1 4592
879 7 937
880 21 917
881 1 4593
882 7 1013
882 1 4594
883 8 1658
883 2 940
883 21 891
884 4 891
885 21 846
886 1 4595
887 13 938
888 23 834
889 21 4381
890 4 361
890 1 370
890 1 231
891 8 1658
891 15 698
891 22 1005
891 22 2249
891 22 883
891 6 544
891 4 544
891 1 884
891 12 1431
892 21 926
893 4 872
893 1 916
893 1 894
894 4 893
894 4 1055
894 4 916
894 4 1421
894 4 961
894 1 695
894 1 872
894 1 700
895 1 664
896 21 1448
897 2 950
898 2 1506
899 4 342
900 15 799
900 22 809
901 6 991
902 21 785
903 21 904
904 22 903
905 3 2344
905 1 4596
906 1 4578
907 15 587
907 0 911
907 5 785
908 1 1314
909 0 919
909 10 933
909 6 936
910 10 4597
910 4 1011
911 23 4326
911 15 822
911 15 605
911 22 4598
911 10 907
911 1 1293
911 12 4599
912 0 1087
913 15 730
914 1 1027
914 1 925
915 1 4600
915 1 4601
916 0 961
916 4 4602
916 4 893
916 1 894
917 15 838
917 22 880
918 4 126
918 1 4603
919 15 835
919 10 909
920 1 924
921 2 942
922 4 4604
923 20 951
924 4 920
925 4 914
925 1 1027
926 23 862
926 22 4605
926 22 892
926 4 532
926 1 1530
927 1 953
927 1 4606
928 12 943
929 3 1050
930 13 4607
930 1 932
931 0 818
931 1 1050
932 13 4607
932 4 930
933 0 909
933 3 936
933 1 4608
934 4 940
934 12 1023
935 21 950
936 3 909
936 6 933
936 4 811
936 1 973
936 1 1134
936 1 972
937 17 879
938 29 751
938 23 887
938 15 4609
938 4 4610
938 4 229
938 1 4611
938 1 4612
939 21 950
939 1 1006
940 15 883
940 4 950
940 1 934
941 4 1369
942 15 921
943 14 928
944 13 4613
945 2 1530
946 3 4235
947 3 1053
948 4 4614
949 13 4615
949 4 1147
950 15 897
950 22 939
950 22 935
950 4 953
950 1 940
951 20 923
952 13 4616
953 8 1658
953 2 1006
953 4 927
953 1 1530
953 1 950
954 9 4539
954 1 4617
955 1 4618
955 1 1051
956 2 1043
957 23 489
957 23 756
957 4 973
957 4 1321
957 4 1134
958 21 1116
959 21 1006
959 1 1116
960 2 992
961 10 916
961 1 894
962 21 1530
963 6 533
964 4 4424
964 1 4619
965 4 774
966 2 1127
967 2 992
967 2 968
968 15 967
968 1 992
968 1 874
969 4 1285
969 1 1256
969 1 1255
969 1 1235
969 1 1063
969 1 1028
969 1 1022
969 1 1068
969 1 1077
969 1 1239
970 4 4620
970 4 2123
971 4 876
972 2 1134
972 10 973
972 4 936
973 15 718
973 0 972
973 4 936
973 4 724
973 1 1134
973 1 957
973 1 657
973 1 988
973 1 4621
974 13 1422
975 1 1111
976 4 1021
977 1 1314
977 1 4622
978 10 1124
978 4 767
979 2 1116
980 13 987
981 21 1363
981 1 1043
982 2 1094
982 21 1371
983 1 1663
984 4 1169
985 4 4623
986 21 813
987 23 980
987 23 807
987 1 4624
988 13 1134
988 4 973
989 1 227
990 4 1907
991 3 901
992 23 4625
992 23 659
992 15 967
992 15 960
992 4 968
992 1 4626
992 1 4627
992 1 4589
993 1 1339
993 1 1116
994 6 873
995 2 1099
995 1 1095
996 1 4628
997 13 1192
998 1 1022
999 1 1011
1000 7 1008
1001 1 4629
1002 1 4630
1002 1 1016
1003 4 4631
1004 1 4632
1005 21 891
1006 15 953
1006 22 959
1006 4 1062
1006 4 939
1006 1 1915
1007 8 1658
1007 1 1024
1008 17 1000
1009 14 793
1010 13 4633
1010 1 1632
1011 23 783
1011 16 4634
1011 10 4635
1011 4 999
1011 1 910
1012 13 4636
1013 7 746
1013 7 4404
1013 17 1096
1013 17 1281
1013 17 1275
1013 17 882
1013 17 4637
1013 17 4638
1013 17 4282
1013 17 1154
1013 17 4639
1013 17 4640
1013 17 4641
1013 17 4642
1013 17 4643
1013 17 4644
1013 17 4645
1014 14 1487
1015 0 22
1015 1 1698
1015 1 4229
1015 1 250
1016 4 1002
1017 4 1970
1018 3 625
1018 21 4632
1019 3 4411
1019 4 4646
1020 4 4647
1021 1 976
1022 4 998
1022 4 969
1023 14 934
1024 10 1342
1024 4 1007
1025 4 1514
1026 13 4648
1026 13 3363
1027 4 925
1027 4 914
1028 4 969
1029 1 4228
1029 1 4649
1029 1 4650
1029 1 4651
1030 10 4652
1031 4 4653
1032 4 4428
1033 0 1034
1034 10 1033
1034 24 1035
1034 1 1035
1035 26 1034
1035 4 1034
1036 4 1039
1036 1 4555
1037 2 1044
1037 9 1048
1038 13 4522
1039 1 1036
1039 1 2378
1040 10 4654
1040 1 662
1041 13 1680
1042 2 1048
1042 4 684
1043 15 956
1043 4 981
1044 15 1037
1044 9 1048
1045 1 4655
1045 1 1304
1046 9 1048
1047 1 4656
1048 15 1042
1048 15 4657
1048 22 1493
1048 4 441
1048 11 1044
1048 11 1037
1048 11 1046
1049 1 4658
1049 1 4659
1049 1 4660
1050 8 1658
1050 0 4661
1050 5 1062
1050 6 929
1050 4 931
1050 4 1060
1051 8 652
1051 7 4298
1051 6 346
1051 6 4662
1051 6 259
1051 4 4663
1051 4 4664
1051 4 4665
1051 4 955
1051 1 4666
1051 1 4667
1052 21 100
1053 23 4668
1053 22 237
1053 22 236
1053 22 235
1053 10 92
1053 10 4669
1053 6 947
1053 4 1339
1053 4 322
1053 4 1112
1053 4 4557
1053 1 637
1053 1 762
1054 13 1929
1055 3 1164
1055 1 894
1056 10 1116
1056 4 1057
1056 14 1116
1057 1 1056
1057 1 1058
1058 4 1057
1059 8 1658
1059 21 1371
1060 13 1190
1060 1 1254
1060 1 1050
1061 4 1161
1062 8 1050
1062 10 1658
1062 1 2175
1062 1 1161
1062 1 1006
1063 4 969
1064 23 780
1065 4 4670
1066 4 814
1067 1 1669
1068 4 969
1068 1 1239
1069 4 4671
1070 4 4672
1071 4 4673
1071 1 4673
1072 1 1855
1073 1 4674
1074 21 2088
1075 19 4675
1075 1 4676
1075 1 4677
1075 1 4678
1076 25 871
1076 4 1135
1076 4 4358
1076 4 871
1077 4 969
1078 3 1127
1078 3 4679
1079 8 4680
1079 23 596
1079 23 4681
1079 23 4571
1079 20 804
1079 10 2378
1079 4 794
1079 4 1661
1079 4 781
1079 4 1261
1079 1 4682
1079 1 712
1080 1 1329
1081 2 4683
1081 4 4421
1081 1 1100
1081 1 1309
1082 10 4684
1082 4 4685
1083 24 1123
1084 15 4686
1084 1 787
1085 3 4687
1086 4 1187
1087 10 912
1087 1 1112
1088 21 519
1089 1 1177
1090 1 1177
1091 11 1092
1092 9 1091
1093 5 1173
1093 1 4630
1094 15 982
1094 0 1095
1094 10 1658
1094 10 1371
1094 4 1352
1095 10 1371
1095 10 1094
1095 4 995
1095 12 1330
1096 7 1013
1096 1 1170
1097 29 1334
1098 8 726
1099 15 995
1099 6 292
1100 15 4688
1100 4 1081
1100 4 1103
1101 3 1106
1101 2 1506
1102 1 2262
1103 1 2109
1103 1 1100
1104 1 762
1105 4 4689
1106 6 1101
1107 10 806
1107 6 4690
1107 6 4691
1107 4 4692
1108 13 1487
1109 1 4693
1110 13 1184
1111 4 975
1112 2 4694
1112 4 1087
1112 4 672
1112 14 4381
1112 1 1339
1112 1 1116
1112 1 1053
1113 1 1287
1114 3 1378
1115 3 1378
1116 15 979
1116 22 958
1116 0 1056
1116 10 1658
1116 4 993
1116 4 1339
1116 4 1212
1116 4 1112
1116 4 959
1116 12 1056
1117 6 4695
1118 15 4696
1118 1 1195
1118 1 371
1118 1 1477
1119 1 1855
1119 12 1265
1120 4 1698
1121 10 2378
1121 1 4697
1121 1 4698
1122 10 2378
1123 0 1308
1123 26 1360
1123 26 1083
1123 10 1233
1123 4 4699
1123 1 1855
1124 23 863
1124 0 978
1124 4 767
1124 4 4700
1125 3 4671
1126 4 4701
1127 15 966
1127 22 4702
1127 22 4679
1127 22 4703
1127 0 4704
1127 26 1215
1127 26 4702
1127 26 4679
1127 26 4703
1127 6 1078
1128 13 1243
1129 0 4705
1129 0 4706
1129 1 4707
1129 1 4708
1129 1 2296
1129 1 2028
1129 1 4706
1129 1 4709
1130 23 4710
1130 0 4521
1130 5 671
1130 10 697
1130 4 619
1130 9 767
1130 1 1715
1131 23 504
1131 1 1715
1131 1 1304
1132 1 2092
1133 3 1345
1134 23 988
1134 15 972
1134 4 973
1134 4 936
1134 1 1321
1134 1 957
1134 1 4621
1134 1 1179
1135 4 4358
1135 1 1076
1135 11 4711
1136 3 1487
1137 4 4712
1138 0 1759
1138 4 4713
1138 4 724
1138 4 3147
1139 2 1179
1140 6 521
1140 1 4714
1141 1 4715
1142 4 832
1142 4 4700
1142 4 4716
1143 2 1855
1143 21 1855
1144 4 1184
1144 1 1163
1145 1 1319
1146 1 4717
1147 1 949
1148 4 870
1148 4 4718
1149 3 4719
1149 4 1532
1149 1 750
1150 3 1154
1151 0 4720
1151 0 1163
1152 3 4721
1153 2 1240
1153 4 4358
1154 7 1013
1154 6 1150
1154 1 4722
1154 31 4553
1155 1 1252
1156 3 1157
1157 13 4723
1157 6 1156
1158 2 1376
1158 6 1175
1159 1 4724
1160 4 1535
1160 4 111
1160 4 864
1160 1 4725
1160 1 4285
1161 8 1658
1161 4 1279
1161 4 1278
1161 4 1062
1161 4 1417
1161 1 1339
1161 1 1061
1162 13 1929
1163 10 1196
1163 10 1151
1163 4 1144
1163 1 4726
1163 1 1184
1164 6 1055
1164 1 2378
1164 1 1421
1165 1 217
1165 1 2378
1166 13 1287
1166 4 2296
1166 1 1319
1167 24 4727
1168 3 1461
1168 21 779
1168 1 779
1168 1 4567
1169 1 984
1170 8 164
1170 4 1096
1170 4 1171
1170 4 4637
1170 4 746
1171 23 76
1171 1 4235
1171 1 1170
1171 12 86
1172 3 784
1173 8 1093
1173 4 2273
1174 2 1260
1174 1 4728
1174 1 4729
1174 1 1223
1174 1 527
1175 3 1158
1175 1 1376
1176 1 1185
1177 4 1089
1177 4 1264
1177 4 1090
1178 2 3077
1179 15 1139
1179 4 1134
1180 0 4228
1180 0 1506
1181 0 4228
1181 0 1506
1182 1 4730
1183 23 4338
1183 10 2378
1183 6 4731
1183 4 4732
1183 4 1493
1183 4 1516
1183 4 2027
1183 4 1973
1183 4 2378
1183 4 1969
1183 4 4733
1183 4 1513
1183 4 4734
1183 1 4735
1183 1 4736
1183 12 1513
1184 23 1110
1184 15 4737
1184 10 4738
1184 4 1163
1184 1 4726
1184 1 1144
1185 4 1176
1185 1 4739
1185 31 4553
1186 5 4740
1186 5 4741
1186 4 4742
1187 4 729
1187 1 1086
1188 4 1192
1189 1 1506
1190 23 1254
1190 23 1060
1191 1 488
1192 23 997
1192 1 1188
1193 2 1938
1193 14 583
1194 4 1210
1195 4 1118
1195 1 1477
1196 0 1163
1197 1 1855
1198 3 1229
1198 6 4743
1199 1 4744
1200 29 4745
1200 1 4746
1200 1 4747
1201 6 2286
1201 6 4748
1202 1 1268
1203 1 4749
1204 13 4739
1205 14 4404
1206 4 4750
1207 4 681
1208 6 4375
1209 2 2127
1210 1 1194
1211 2 4751
1212 4 1339
1212 1 1116
1213 29 1334
1214 4 534
1215 24 1127
1215 1 1560
1215 1 2301
1216 4 1219
1217 0 1371
1217 21 1371
1218 2 1258
1219 4 4579
1219 1 1216
1220 2 1232
1221 10 1261
1222 6 1261
1223 4 1174
1224 5 1227
1225 4 4752
1225 1 1252
1226 13 1281
1226 4 4752
1227 8 1263
1227 8 1224
1228 1 1229
1229 6 1198
1229 4 1228
1230 1 1619
1230 1 1603
1230 1 1497
1231 2 1396
1232 15 1220
1232 6 4753
1233 0 1123
1233 1 1855
1233 1 4754
1234 13 1929
1235 4 969
1236 2 4424
1236 1 1259
1237 13 1283
1238 13 1305
1239 4 1068
1239 4 969
1240 15 1153
1240 2 4358
1241 1 867
1242 4 2121
1242 4 1663
1243 23 1128
1244 4 1246
1245 1 4755
1246 1 1244
1247 6 1844
1247 4 1844
1248 15 4756
1248 15 4757
1248 1 4758
1249 4 1377
1250 1 1251
1251 4 1250
1251 1 1269
1252 23 495
1252 23 4759
1252 23 4760
1252 10 4761
1252 4 1155
1252 4 1225
1252 9 4762
1252 14 228
1253 1 4763
1254 13 1190
1254 2 1341
1254 4 1060
1255 4 969
1256 4 969
1257 2 4424
1258 23 782
1258 15 1218
1258 4 4764
1258 1 1282
1259 2 4424
1259 4 1236
1260 15 1174
1260 1 527
1261 23 4765
1261 0 1221
1261 3 1222
1261 1 1079
1262 2 1298
1263 5 1227
1264 1 1177
1265 10 1855
1265 14 1119
1265 1 4766
1266 21 1855
1267 1 4767
1267 1 861
1268 4 1202
1269 4 1251
1270 10 1272
1271 10 1272
1272 0 3295
1272 0 4768
1272 0 1812
1272 0 1270
1272 0 4769
1272 0 1848
1272 0 4770
1272 0 4558
1272 0 1864
1272 0 1271
1272 0 4771
1272 0 4772
1272 0 4773
1272 0 2135
1272 0 4774
1272 0 1487
1272 1 4775
1273 31 4553
1274 2 4776
1274 1 4777
1275 7 1013
1276 1 1560
1277 2 1330
1278 1 1161
1279 0 1341
1279 1 1943
1279 1 1161
1280 0 1309
1280 4 4778
1280 1 4339
1281 8 4779
1281 23 1226
1281 7 1013
1281 12 4780
1281 12 4781
1282 4 4782
1282 4 1258
1282 4 4783
1283 23 1237
1284 1 4784
1285 0 1463
1285 14 300
1285 1 969
1286 1 1296
1287 23 1166
1287 4 1113
1287 1 1319
1288 4 4785
1289 3 1663
1290 11 1339
1291 2 1701
1292 8 4786
1292 24 4787
1293 4 911
1293 4 2997
1294 1 1701
1295 6 1329
1296 4 1286
1297 1 1307
1298 15 1262
1298 10 4776
1299 3 4788
1300 1 4789
1301 10 4790
1302 10 4791
1302 1 4792
1302 1 4793
1303 2 1322
1304 13 1500
1304 13 4794
1304 4 1131
1304 4 1045
1304 1 4795
1305 23 1238
1305 23 4796
1306 5 4797
1307 15 4798
1307 13 4797
1307 4 1297
1308 10 1123
1309 10 1280
1309 4 1081
1309 4 4799
1309 4 47
1309 4 1506
1309 4 548
1309 4 4778
1309 9 4800
1309 1 1775
1310 1 770
1311 3 4801
1311 2 4802
1311 1 4803
1312 3 4804
1313 1 2117
1314 2 4805
1314 4 977
1314 4 908
1314 4 4806
1314 4 4807
1315 18 1317
1315 4 1317
1316 2 4808
1316 1 4809
1317 25 1315
1317 1 1315
1318 4 1855
1318 14 1855
1319 4 1287
1319 4 1166
1319 4 1145
1319 1 1545
1320 6 359
1321 4 1134
1321 1 957
1322 15 1303
1323 5 1324
1324 8 1323
1325 21 1530
1326 1 4810
1327 21 4811
1328 4 1353
1328 4 2050
1328 1 1855
1329 3 1295
1329 4 1080
1330 15 1277
1330 10 2378
1330 4 1359
1330 14 1095
1330 1 1593
1331 13 4797
1332 13 4812
1333 8 2097
1333 1 1669
1334 29 1213
1334 29 1097
1335 0 4813
1335 13 2301
1335 1 1363
1336 4 1401
1337 21 1359
1338 13 1962
1339 4 993
1339 4 1161
1339 4 1112
1339 9 1290
1339 1 1116
1339 1 1212
1339 1 1053
1339 11 1506
1340 4 1357
1341 15 1254
1341 18 4814
1341 10 1279
1341 1 2215
1341 1 1530
1342 0 1024
1342 0 800
1342 0 1487
1342 0 4703
1342 5 762
1342 4 1343
1342 4 812
1342 14 726
1342 12 1512
1343 0 2188
1343 4 812
1343 1 1342
1343 12 1508
1344 3 1423
1345 6 1133
1346 1 663
1347 1 4815
1347 1 4816
1348 1 2205
1349 4 4817
1350 1 1619
1351 8 1615
1351 10 4818
1352 21 1530
1352 10 1658
1352 4 4819
1352 1 1450
1352 1 1363
1352 1 1094
1353 0 313
1353 4 748
1353 1 1328
1353 1 745
1354 2 4820
1355 1 4821
1356 24 4822
1357 3 4823
1357 2 4824
1357 4 4823
1357 1 1340
1358 21 1359
1359 22 1365
1359 22 1337
1359 22 1504
1359 22 1367
1359 22 1358
1359 26 1364
1359 10 1855
1359 4 1365
1359 1 1450
1359 1 1330
1360 24 1123
1361 21 1379
1362 3 1487
1363 22 4813
1363 22 981
1363 0 4727
1363 0 4683
1363 4 1335
1363 4 1352
1364 24 1359
1365 21 1359
1365 4 1367
1365 1 1359
1365 12 1835
1366 2 4825
1366 4 4826
1366 1 4827
1366 1 4828
1367 21 1359
1367 1 1365
1368 4 4829
1368 4 4830
1369 6 567
1369 4 4831
1369 4 4832
1369 4 4833
1369 4 710
1369 1 941
1369 1 4834
1369 1 4835
1369 1 4836
1369 1 4837
1369 1 4838
1369 1 1463
1369 1 4839
1369 1 4840
1369 1 4841
1370 3 4842
1370 6 4843
1371 22 1217
1371 22 1059
1371 22 982
1371 0 1095
1371 0 1094
1371 10 1217
1372 1 4698
1373 1 4844
1373 1 4845
1373 1 4846
1374 3 1375
1374 6 1375
1375 3 1374
1375 6 1374
1376 15 1158
1376 4 1175
1377 1 1249
1378 15 683
1378 6 1115
1378 6 1114
1379 22 1361
1379 22 1380
1380 21 1379
1381 4 1395
1381 4 4847
1381 1 4848
1382 10 1512
1382 4 4849
1382 4 286
1383 22 1446
1383 22 1445
1383 22 1443
1383 22 1442
1383 22 1441
1383 22 1440
1384 4 4850
1384 1 1391
1385 1 1393
1386 8 1393
1387 3 4671
1388 2 1406
1389 4 4851
1389 4 1424
1390 20 4822
1391 4 1384
1392 8 1393
1392 13 4852
1392 4 1424
1393 5 1386
1393 5 1392
1393 4 1385
1394 3 2272
1395 4 1431
1395 1 1533
1395 1 1381
1396 15 1231
1396 13 2281
1397 5 1401
1398 0 1406
1399 3 1426
1400 8 4853
1400 4 4854
1401 8 1397
1401 1 1336
1402 4 1546
1403 10 1429
1404 1 4855
1405 0 1426
1405 0 4856
1405 0 4857
1405 0 1640
1405 0 1419
1405 0 4858
1406 15 1388
1406 10 1398
1407 1 2026
1408 8 1409
1408 13 4859
1409 5 1408
1409 5 4860
1409 5 4861
1409 5 4862
1409 5 4863
1409 4 1581
1409 4 4864
1409 4 4865
1410 4 1424
1411 4 1424
1412 3 2072
1412 4 4866
1412 4 1424
1413 15 4867
1413 17 4868
1413 24 4822
1413 1 4869
1414 4 1424
1415 8 4870
1416 0 1530
1417 1 1161
1418 4 1467
1419 10 1405
1420 23 4871
1420 1 4872
1421 24 2378
1421 4 1164
1421 1 894
1422 23 974
1422 4 2578
1423 6 1344
1424 4 4873
1424 1 4874
1424 1 1435
1424 1 1432
1424 1 1414
1424 1 1411
1424 1 1410
1424 1 1392
1424 1 4875
1424 1 4876
1424 1 4877
1424 1 4878
1424 1 4879
1424 1 4880
1424 1 4881
1424 1 4882
1424 1 4883
1424 1 4884
1424 1 4885
1424 1 4886
1424 1 4887
1424 1 4888
1424 1 4889
1424 1 4890
1424 1 4891
1424 1 4892
1424 1 4893
1424 1 4894
1424 1 4895
1424 1 4896
1424 1 4897
1424 1 4898
1424 1 4899
1424 1 4900
1424 1 4901
1424 1 1428
1424 1 1412
1424 1 1389
1424 1 4902
1424 1 4903
1424 1 4904
1424 1 4905
1424 1 4906
1424 1 4907
1424 1 4908
1424 1 4909
1424 1 4910
1424 1 4911
1424 1 4912
1424 1 4913
1424 1 4914
1424 1 4915
1424 1 4916
1424 1 4917
1424 1 4918
1424 1 4919
1424 1 4920
1424 1 4921
1424 1 4922
1424 1 4923
1424 1 4924
1424 1 4925
1424 1 4926
1424 1 4927
1424 1 4928
1424 1 4929
1424 1 4930
1424 1 4931
1424 1 4932
1424 1 4933
1424 1 4934
1424 1 4935
1424 1 4936
1424 1 4937
1425 8 4938
1426 23 4939
1426 10 1405
1426 6 1437
1426 6 1399
1426 4 4940
1426 31 4553
1427 21 1560
1428 4 1424
1428 4 4920
1429 0 1403
1430 26 256
1430 6 4941
1431 21 258
1431 6 52
1431 4 4942
1431 14 891
1431 1 1395
1432 4 1424
1433 1 4943
1434 8 4944
1435 4 1424
1436 8 4870
1436 13 2325
1437 3 1426
1438 1 1663
1439 2 1626
1440 21 1383
1441 21 1383
1441 21 1383
1442 21 1383
1443 21 1383
1444 9 4945
1445 21 1383
1446 21 1383
1447 13 1929
1448 22 896
1448 6 685
1449 1 2121
1450 4 1359
1450 4 1352
1450 4 563
1450 1 2311
1450 1 4819
1450 12 1605
1451 4 4814
1452 4 1701
1453 1 4946
1453 1 4947
1454 1 1456
1455 1 1460
1455 1 4948
1456 4 1454
1457 4 1929
1458 4 1459
1459 4 525
1459 1 1458
1460 4 1455
1460 1 4948
1460 1 4949
1461 6 1168
1461 1 4567
1462 13 1929
1463 10 1285
1463 4 1369
1464 15 4950
1465 2 4951
1466 4 4952
1467 14 2534
1467 1 1418
1468 1 2097
1469 4 839
1469 4 4953
1469 14 2085
1470 6 4954
1470 4 4955
1471 4 2007
1472 10 4776
1473 2 1909
1473 1 4311
1474 13 4956
1475 2 4957
