1534
3623 564 0
4101 564 5
950 107 0
4121 950 19
1850 4085 0
1851 1849 0
37 338 9
37 3622 1
4126 49 11
4131 122 11
1601 365 0
365 27 0
951 954 17
951 1857 27
1859 122 1
952 1162 0
1861 958 1
1862 101 6
4142 368 1
4150 1602 1
4153 580 0
1865 1869 0
4158 4148 1
1866 367 17
1867 366 24
366 367 11
837 596 1
4162 4132 1
955 567 5
1870 2336 1
1872 956 1
20 4165 9
20 1856 0
4169 368 17
4170 379 17
4174 80 0
4176 4175 5
4177 1874 1
4180 4179 9
1875 956 0
957 4115 5
4189 961 0
4194 1879 9
1605 4230 4
4217 2120 0
1883 956 0
1884 108 17
568 963 17
1887 1869 1
1887 1865 1
962 4100 1
4229 1964 9
963 580 1
1889 1891 6
1890 4232 5
1891 1889 9
4237 1903 1
4244 1896 0
1893 385 0
1894 1893 1
107 567 1
107 950 1
107 4096 0
965 4235 1
966 4241 8
1895 641 0
967 4330 11
4253 4254 0
570 48 0
1897 1905 17
4264 4311 17
1899 969 17
370 1900 22
370 1898 22
519 4046 1
519 369 1
519 4673 1
519 233 0
233 1888 16
233 4046 1
1901 1929 0
1902 1106 0
4276 380 6
1904 2064 1
4286 380 15
4287 380 15
970 1905 24
971 148 1
972 4325 0
371 186 1
973 56 11
1908 2578 4
1913 975 17
1914 4389 0
184 4084 8
4321 68 5
974 4310 16
974 4314 0
4322 1919 29
1917 119 0
1918 119 0
4332 5703 0
4333 2665 5
4334 1921 0
1924 258 17
975 1913 16
975 1922 1
976 4398 26
1928 137 1
1935 2240 11
1937 4352 0
572 4357 1
1938 2374 1
334 45 17
334 980 17
3636 8905 11
573 4339 1
573 4366 0
573 48 0
48 4296 30
136 1013 1
136 2042 1
4377 185 0
574 1949 11
574 1944 11
4382 4616 17
1945 1882 1
185 4376 9
1947 185 6
4386 984 1
1609 4369 1
4391 68 1
4392 68 5
979 574 8
979 1944 22
979 257 0
4403 68 1
982 1923 16
983 4220 4
4407 4406 4
1952 81 1
4414 1033 1
4416 4410 0
372 188 9
372 81 17
520 373 1
520 980 1
4431 186 1
373 878 1
1956 4379 16
1957 375 5
3642 187 27
108 4323 16
108 961 16
108 1884 16
4440 4442 4
984 1959 4
984 576 1
1960 334 16
4447 1966 0
1966 576 1
1968 581 0
4462 988 17
4468 257 4
1972 630 1
374 1871 8
1976 1975 15
4479 4611 5
101 190 11
101 1990 11
101 571 1
1979 6 6
1982 1853 1
1613 1991 11
1613 590 1
4492 1983 17
1985 4664 0
1988 991 0
987 4233 1
4495 2101 0
1989 377 0
1992 4528 0
1994 955 4
4499 4497 4
80 4980 1
80 5398 0
989 389 11
1997 683 1
1998 3677 11
990 377 0
991 997 11
578 579 11
578 4580 0
377 1008 1
377 990 1
2000 994 1
993 579 0
994 993 8
994 2000 0
4510 1993 9
2003 4663 1
186 371 0
579 4472 1
579 993 1
4519 48 19
2006 995 1
4522 22 17
2007 589 4
2009 586 1
259 1163 1
259 1912 1
259 2230 1
2011 587 1
2011 586 1
996 1977 8
996 22 17
4525 5031 0
2014 22 0
2014 260 0
2015 22 0
2016 1614 16
4529 368 19
2017 110 0
4530 4629 1
2019 4514 5
4534 4537 17
580 4279 1
2021 4546 0
6 1979 9
3652 4524 1
2023 2157 1
2023 4695 1
2024 4544 22
137 1931 0
2027 655 1
4559 4558 1
379 1874 1
379 1904 0
1003 380 15
581 186 1
3654 2522 0
582 4434 4
582 4238 1
4575 413 0
2032 1006 5
4581 578 1
187 3642 26
1006 4977 1
262 1228 1
2035 2034 1
4585 138 15
2037 4459 1
4588 2049 5
263 4569 16
263 530 1
263 1961 0
138 2062 11
138 4483 1
138 995 1
4589 583 0
2038 837 0
1008 2041 17
2042 136 0
4593 4671 1
2045 4586 25
4598 104 0
2049 109 0
4604 4603 22
583 2039 0
583 109 0
4607 109 0
109 2046 1
109 4209 0
2051 1619 1
4617 4687 0
3655 4619 1
2053 1009 0
1009 4620 22
2056 1025 17
4628 4630 0
4631 4634 0
1010 195 6
4632 136 0
2057 2069 25
2057 4649 25
3656 195 11
1011 589 0
1012 986 0
839 76 1
839 1937 0
4644 1610 1
1013 4590 28
1013 2078 28
4645 588 17
2063 588 0
588 110 17
588 1023 0
4651 1023 1
4656 4647 4
188 1951 1
188 4274 0
188 2066 18
2066 1014 6
4658 38 0
1014 4561 16
1015 138 0
264 56 11
264 76 1
522 76 1
522 8912 0
2067 111 17
2067 2054 1
382 378 1
189 1957 9
2069 4809 17
4675 4700 1
2070 968 1
2071 46 0
4685 613 1
55 134 9
55 31 0
2076 4545 16
2076 4273 1
3659 50 0
4686 613 0
4689 191 25
4692 4691 25
4693 389 11
265 1017 8
265 4931 1
4699 4676 17
4701 4555 8
4702 2103 23
81 3644 0
266 4690 0
266 4840 0
267 2052 8
267 1971 19
2081 1909 1
1020 2031 19
4716 3639 0
4717 2082 4
4719 2097 1
1021 56 0
4723 3661 6
4729 4772 1
4734 1045 11
2086 266 1
1022 268 0
2088 612 0
2088 113 0
2089 1026 1
2090 2091 1
2094 1852 0
3662 4419 9
4754 1954 1
2095 266 1
1024 50 0
590 1026 1
385 138 8
385 155 0
4764 1018 5
2097 5340 1
591 1009 0
4768 4744 22
1026 4773 5
1026 590 0
1026 2089 0
4778 604 11
2102 959 5
1027 259 0
76 840 0
76 839 0
4782 2188 0
2106 4448 0
3664 591 15
1031 140 1
2111 2107 0
110 28 6
110 588 16
110 2017 4
110 2017 1
1034 139 0
139 592 1
2112 4727 16
4807 401 0
1036 268 4
2115 391 1
190 4748 16
190 4577 16
190 2236 0
2117 2155 0
592 139 0
2124 388 0
1039 268 5
268 142 0
191 2122 0
1040 1032 16
4822 38 1
4824 38 1
4826 4817 19
4827 1290 11
4829 338 5
593 8915 0
593 4831 0
2130 1627 11
388 57 0
388 387 0
1042 102 0
2135 1042 0
1043 2136 16
1043 140 0
82 2152 0
82 2221 0
2137 2260 1
1044 142 17
111 268 1
111 2143 0
111 2142 0
1619 193 17
3666 2367 11
2140 2163 0
2142 142 1
1045 4851 8
1045 1224 0
2143 142 11
140 2136 16
140 1043 1
140 2055 0
2144 144 0
4858 4783 4
2146 2179 17
2146 599 0
4860 4859 0
4862 2152 0
4867 4866 0
1620 8916 1
391 4408 26
4875 4905 11
392 1911 0
2151 2318 1
2152 82 1
4883 5255 1
2154 700 11
4884 709 0
595 344 0
595 121 0
2156 1047 1
2157 2160 1
2158 2164 17
2159 1057 0
4891 437 11
2160 2157 0
2164 2158 16
3669 4050 1
4893 193 15
2167 192 1
2167 38 1
193 1619 16
1049 3670 0
3671 36 1
68 4390 4
68 4184 1
68 2132 1
49 194 1
49 4600 0
4896 117 11
1621 2092 1
1050 83 19
2169 1050 0
2170 28 6
393 269 6
393 666 0
4904 198 0
2172 234 1
596 837 0
597 1056 1
597 1028 1
2173 1101 5
56 1038 6
56 2030 8
56 264 8
56 410 1
598 846 1
598 1053 0
524 1222 0
2174 2177 1
1052 596 1
1052 8919 0
4922 38 0
1053 598 1
600 5572 0
4935 69 11
4937 271 11
194 693 17
4940 50 11
4942 1085 5
83 2210 1
83 194 1
604 2183 1
141 342 0
141 424 0
141 59 0
195 1010 9
195 115 0
1055 2002 8
1055 400 0
142 389 0
605 1655 1
605 0 1
4955 5987 0
2187 396 0
2191 2188 0
4961 1216 5
2192 2222 17
4963 2193 5
4964 4965 1
395 959 1
395 2102 1
395 1236 0
196 28 6
396 271 0
2195 1 0
1061 611 0
606 2298 5
4968 2908 1
4969 4853 0
2196 2177 6
2197 2194 5
4972 3108 17
234 849 1
4973 4975 0
36 839 8
36 419 1
36 1 1
36 15 1
36 335 1
36 3671 0
271 396 1
2201 4971 1
1063 5283 1
2202 4674 1
2207 4979 4
2208 19 0
2209 6150 4
4992 1967 4
4995 404 0
4996 2223 17
4997 2249 25
1065 628 0
5000 610 11
5004 610 4
844 2213 0
2217 1067 0
2219 1068 1
2220 102 17
845 1220 0
845 696 0
845 5285 0
2222 167 17
2225 643 0
2225 1246 0
1069 6087 0
2227 5023 1
143 1067 8
143 2213 1
143 1906 19
2229 102 17
1071 2208 1
1072 1071 0
33 3101 0
2232 5036 0
846 2013 8
2233 31 6
1074 847 0
1077 4939 1
847 4358 0
2236 190 1
2236 7133 1
5053 1079 0
2238 1628 11
2239 1081 4
400 679 11
2240 5015 8
2241 1074 0
5059 24 9
1079 1974 16
3683 2265 0
112 598 1
112 842 1
112 365 1
112 27 1
112 4844 15
112 5455 0
1081 3669 0
401 294 17
401 2138 1
401 5118 1
3685 2246 1
2244 19 19
611 1061 1
2245 142 1
1082 1159 1
2247 5051 5
402 629 0
5073 24 11
144 196 1
144 194 1
113 612 1
2252 1646 0
5084 5717 0
272 2308 1
272 394 0
5088 3 1
613 1082 0
2255 614 0
614 2255 5
614 1203 17
85 277 0
85 402 0
3687 3 1
616 2257 1
617 684 17
617 1194 0
2258 3815 1
38 2167 0
38 4823 0
38 1732 0
38 1620 0
235 1133 1
5100 2331 0
2260 2137 0
1084 1312 0
2261 2262 5
2261 2262 4
2263 2197 1
5110 1089 0
5115 3 1
1088 3 1
1089 1088 9
5120 3 1
2268 2307 1
2269 411 1
2269 70 1
2271 2272 5
2273 5114 16
2274 145 6
2274 430 11
5134 3 1
5135 3 1
1093 1095 1
619 5103 0
5140 3 1
5141 2287 6
145 5146 9
145 409 1
145 336 1
848 2275 1
2279 4846 8
1098 336 0
5153 3 1
5155 3 1
3 5176 0
3 1088 0
3 3694 0
3 622 0
3 3688 0
3 3687 0
3 5108 0
3 1094 0
3 5590 0
3 5177 0
3 5171 0
3 5167 0
3 5164 0
3 2281 0
3 5139 0
3 2277 0
3 1092 0
3 3689 0
5159 5158 9
620 3 1
2281 278 1
5168 3 1
5169 3 1
2282 3 1
2284 620 1
5172 3 1
404 110 19
2287 2289 9
1099 1092 1
2289 2565 11
2290 405 0
5179 405 11
5190 117 11
3694 3 1
277 272 1
277 154 0
5193 114 1
2294 857 0
2296 278 1
5197 117 1
1102 1108 1
1103 2295 1
405 5123 4
5200 848 16
1104 2096 1
1104 50 19
2302 5254 1
5205 422 1
1105 606 1
1105 2298 1
1107 8925 19
2304 2206 1
2304 603 1
5213 2372 0
31 8903 6
31 1618 9
31 2233 9
31 452 1
525 2318 1
1627 1653 11
5230 700 5
622 2314 1
2315 198 0
2316 589 5
2318 2151 0
2320 3696 0
236 8930 1
69 2865 15
5242 5235 16
624 1028 1
407 36 0
407 15 18
2322 634 1
2322 5 0
1111 5233 8
625 2330 0
5247 2326 0
5248 667 5
27 4798 16
27 157 1
27 365 1
279 113 19
1113 36 19
1114 1138 17
408 1116 5
408 1109 1
1116 408 4
1116 1117 0
2327 340 19
1117 289 1
1117 1116 1
2328 5259 0
57 386 1
2329 2447 0
627 2333 0
5272 5271 1
2332 2306 1
2332 435 0
2333 611 1
2336 5337 0
77 71 1
77 1962 1
1118 1281 8
5286 698 1
5287 1669 0
335 36 0
5291 5716 1
1119 2340 1
1119 70 0
1119 2251 0
1120 2398 1
2342 5 0
5302 2350 1
409 2093 0
409 145 0
1121 810 1
3699 197 1
1631 134 1
5315 2339 1
629 402 1
1122 1124 1
1122 5265 0
5321 803 5
2355 1066 1
2355 1122 0
5322 5320 5
5325 2937 4
1123 2347 8
2357 5327 9
2359 2253 9
2360 5 5
2361 712 5
5333 1130 0
2363 399 19
2364 35 0
2365 2371 4
2366 5 5
3701 1126 9
631 2600 1
2368 115 5
1127 4659 1
5351 2710 0
2372 2357 6
28 196 9
28 2170 9
410 56 0
5363 2376 9
2373 5 0
2374 346 4
2374 1938 0
5366 2651 11
3703 687 11
5375 674 0
5382 147 0
5383 147 0
5386 674 0
5387 1136 4
199 280 0
199 2382 0
2380 121 1
2382 199 1
1131 5307 8
1131 4289 0
114 650 1
5401 2323 0
146 279 19
5403 2761 5
636 103 18
5407 5896 11
3706 2149 8
1132 2335 22
1132 149 0
3707 414 6
115 2368 4
115 1055 1
5410 203 5
5412 3682 1
5413 154 5
2388 94 1
5418 5494 0
2390 5372 0
2392 2402 4
5428 411 1
411 2269 0
1134 1759 1
637 303 1
412 199 1
412 541 0
280 412 1
70 2340 8
70 411 0
70 2394 0
70 2251 0
638 285 5
638 285 0
2401 148 1
3709 148 1
281 5419 1
851 8935 1
851 638 1
147 5380 1
147 5379 1
147 5448 1
1138 1114 16
1635 1137 19
2403 282 0
640 3047 0
2404 304 0
2404 3697 0
641 2460 0
5457 5467 0
148 971 0
2408 2700 1
414 5263 0
1139 1 0
282 2410 1
2412 1872 16
1140 1241 1
415 1133 1
5479 5563 4
5480 5557 4
5484 2435 5
5490 2438 1
1142 3713 8
2420 424 5
644 693 0
416 242 5
2423 2427 0
645 154 9
2425 2414 1
2427 2539 23
2430 212 4
5505 2958 1
2431 2048 19
19 114 9
19 4984 1
19 4909 1
19 5018 0
43 2337 19
43 283 0
3711 320 0
2435 2462 11
646 648 6
2437 2436 1
1145 2437 1
5516 200 5
1636 264 1
149 2514 11
149 5481 18
5524 691 1
5531 5530 4
648 646 9
2442 2452 5
2443 5522 4
3716 649 1
2446 5487 8
283 43 1
284 1125 1
649 3716 0
649 2445 0
2447 2329 1
5541 2449 1
5542 2450 0
5543 287 11
1146 415 1
117 5555 4
650 1147 8
650 132 11
1147 132 11
5559 5549 9
2452 2442 1
651 2205 16
2454 1073 1
2456 653 1
3719 2450 1
5567 6003 1
285 61 0
1148 398 1
1148 1623 1
853 419 0
853 654 0
654 151 0
1149 15 0
1150 118 1
419 654 0
419 15 0
2464 643 8
1151 1153 0
1152 1153 0
1153 1154 1
1153 1152 1
1154 1151 0
2467 217 11
420 150 1
420 27 1
420 1637 1
2469 759 11
2471 5824 1
2472 421 1
2472 647 1
5593 58 0
3721 58 0
655 2027 0
2473 1155 5
2475 1251 11
2477 58 0
58 655 1
58 1155 1
58 5592 1
855 1156 0
855 153 0
1156 855 1
5599 1242 0
5600 652 5
2479 2440 1
2480 65 11
421 647 1
421 2643 18
118 728 0
118 692 0
118 120 0
118 5823 0
118 5 0
1637 2463 0
657 659 0
150 420 0
2487 2434 0
151 15 11
151 1012 1
151 46 0
151 5425 0
151 155 0
424 2420 4
424 141 1
2489 5610 8
2490 5813 5
2491 5617 4
2492 423 0
856 5620 0
425 644 1
425 22 0
2496 50 6
2497 1158 1
2499 151 1
1159 659 1
1159 1082 0
1160 2680 11
202 2381 0
203 2503 1
203 1041 1
203 426 0
660 5570 8
5631 6040 1
2504 8938 0
2505 9 6
1161 441 11
1161 1094 4
5635 2493 5
5637 6232 1
5641 6515 5
1162 3672 0
1163 3718 0
2508 5432 8
50 1162 9
50 2096 1
50 1668 1
5646 6272 1
1164 5 19
5649 202 0
2512 1271 0
2512 86 0
5655 5676 0
5656 296 5
1165 152 1
5664 532 11
2516 132 11
153 2260 8
2519 5665 8
2520 1634 1
2520 89 0
3722 8939 0
288 5659 8
288 2556 11
5681 665 0
5682 1174 1
2523 2542 5
1171 336 0
1171 145 0
5691 1638 6
5692 6247 23
204 633 1
204 4547 1
5697 5367 8
665 44 11
1173 132 5
427 429 23
427 439 1
2530 154 5
1177 5698 8
1639 2118 1
2533 2018 0
5713 3724 1
5714 24 11
2534 2540 18
2536 2558 0
2537 2558 0
5718 1204 0
2538 2423 22
5721 5723 4
289 403 1
289 1117 0
2541 2540 4
2541 2534 19
5729 46 11
2543 46 0
669 5 5
1183 5677 22
5740 5726 5
2546 5867 0
5742 2547 0
2547 5852 11
119 5645 4
119 1918 1
119 4278 1
429 439 1
86 2525 0
1186 812 0
671 858 1
858 671 0
2551 5758 22
2551 2592 1
5760 694 0
5761 5119 4
5762 2196 0
5763 5840 11
2552 206 1
1640 1182 1
1640 5 1
5767 539 0
1190 2553 0
2556 288 8
2556 663 8
120 5772 4
120 118 1
120 1995 1
120 2070 0
120 437 0
5771 2209 5
291 433 1
1192 141 1
1192 39 0
336 1171 1
5 692 5
5 118 5
5 5845 4
5 615 1
5 2342 1
5 118 1
5 1107 1
5 1672 1
5 2373 1
1193 431 15
5785 5792 5
2559 2580 1
2559 1206 1
859 3752 1
5787 5708 1
154 645 6
154 2530 4
2562 680 11
5802 5652 4
1194 684 0
672 657 1
672 659 1
2566 809 0
673 2555 8
674 2378 1
5808 2075 1
675 238 11
675 706 11
5810 2560 19
5812 5941 4
5817 2860 18
5818 2604 1
5820 5586 1
1199 684 11
2574 339 0
5827 6277 4
5830 5831 0
2576 403 22
2577 4053 0
5833 1363 0
5836 2385 5
431 8942 5
1201 5829 0
2580 2559 0
432 5791 4
5839 512 0
2581 4655 4
1642 5217 8
24 2481 8
65 664 1
1643 241 11
1643 2370 22
102 2229 16
102 5027 16
102 5414 1
102 2135 0
44 665 8
44 1301 0
529 5221 16
5856 5955 11
205 975 16
205 382 9
205 2348 4
434 2603 0
5861 6053 1
5862 44 19
679 2395 6
679 400 8
5880 4130 22
2589 696 0
682 2575 15
2592 2551 0
5884 6102 1
435 5640 8
435 5694 1
683 1644 6
436 3606 0
1644 2583 5
1206 2580 8
684 695 11
2594 5857 8
1645 300 0
2600 1140 0
1646 2609 11
155 2628 9
155 385 1
155 6764 0
103 448 1
103 1182 1
103 1164 18
5908 719 0
5909 859 0
1648 1356 0
439 376 22
2604 2440 1
339 1 15
339 342 0
45 4427 8
45 334 16
45 27 1
3733 1209 0
1209 5621 8
237 531 1
237 1232 0
237 3606 0
2607 207 1
1649 1239 0
2608 66 0
687 5920 6
687 3735 0
688 207 5
688 34 5
5919 19 0
2609 2252 1
5923 2672 0
1213 5912 4
2611 4058 9
22 425 1
22 4498 1
22 693 0
2613 1651 25
690 686 0
5930 59 0
133 2599 0
340 5431 1
692 5 4
51 237 1
440 595 1
5933 1222 0
5935 745 11
3741 1225 5
5947 2625 22
693 194 16
5952 2625 0
1215 447 0
1216 5929 5
2623 46 5
2623 46 19
2624 1270 6
293 4865 1
5960 7463 1
1217 9 1
1218 871 5
1218 2632 5
5967 1265 11
441 1161 8
532 2483 0
695 325 6
2628 155 6
39 1663 1
1654 1648 1
861 5814 1
696 1220 6
1220 8922 0
5986 124 1
121 1657 1
121 440 1
121 698 1
2634 697 15
5988 296 5
533 4056 1
533 2699 18
2637 1250 0
1222 524 1
1655 605 0
1223 727 5
1656 535 0
3743 535 0
1225 3608 1
3744 5311 8
294 5995 1
294 1441 1
1226 796 8
1227 2644 1
1227 1233 1
2642 5961 0
2643 421 19
2643 454 0
534 864 1
864 86 5
6015 5090 16
6016 2652 1
6018 6017 4
1658 8909 8
1658 5647 0
173 869 9
173 697 15
535 1652 1
1230 6019 0
66 782 1
66 2201 1
66 317 1
865 2621 8
2646 5752 1
6023 2532 1
1231 1059 1
1232 681 1
699 867 24
104 6014 6
2649 86 4
702 1234 0
702 156 0
702 711 0
1235 7853 0
2653 537 1
2654 2653 4
703 443 1
6045 704 1
442 703 1
442 1217 15
442 5669 19
706 238 0
2658 1321 1
3747 1238 24
1239 1649 1
1240 270 0
1240 21 0
59 141 1
59 1219 0
1241 2105 1
1242 8933 6
1243 1244 9
3749 5942 1
1245 688 4
2659 1771 11
1246 643 0
2661 1420 0
6073 873 11
342 339 1
6076 2663 0
1247 8973 1
1248 2664 1
709 4874 1
6077 8975 1
2664 1248 0
710 2493 4
1250 5877 4
1250 2637 1
1252 691 1
6085 21 0
21 8977 0
21 1203 0
21 708 0
6086 71 0
3751 2606 0
3752 859 0
6098 7 1
444 6104 0
444 540 0
6100 2764 11
2667 2663 8
2670 5436 1
6107 4 5
6108 8650 8
6109 1371 0
869 8981 0
88 2899 5
88 2212 0
1254 156 0
1254 428 0
6113 2909 0
6116 2688 11
207 2607 0
1663 141 1
712 2729 0
2676 1263 1
2677 8976 1
6121 683 4
6128 2683 1
6131 4059 1
713 6081 1
1256 889 0
2680 1160 8
2681 3834 1
6137 6135 22
2684 6126 24
2684 2668 1
6139 1305 0
870 907 0
1667 1258 1
2686 1267 4
6144 3821 1
1670 3783 11
6153 6008 4
715 211 0
1259 5980 1
2693 6817 1
2695 466 1
2696 466 1
2697 6242 5
6168 5963 1
238 3924 0
174 2698 4
174 3607 0
3759 2769 4
6173 208 1
3761 3153 0
6175 987 1
6176 1799 0
6180 6604 0
2699 533 19
1263 347 11
6188 701 4
3762 4657 1
2702 6184 5
2702 868 1
6193 324 15
6194 6096 1
1265 537 6
1266 1267 0
536 1452 0
1267 2686 5
1267 1266 1
2705 1269 11
2705 1269 4
872 1266 0
872 2704 0
2707 1467 1
6203 210 0
1268 6136 6
537 1265 9
537 8991 15
537 2653 0
6207 1295 11
6211 2746 0
445 236 0
445 1442 0
6215 1467 1
6218 1308 11
3766 3773 11
720 65 19
720 1 0
345 1268 0
539 444 8
539 3760 1
105 2715 1
122 1859 0
1269 2705 5
6236 6069 5
2714 54 1
3767 4060 6
2715 105 0
2717 105 5
1271 2512 1
6245 4282 4
1272 444 1
1678 105 0
2719 79 1
6255 5997 1
3770 3769 0
239 47 1
1278 723 0
6263 3792 11
1279 725 1
6264 3607 0
240 2165 1
79 2719 0
723 1278 1
723 1283 0
3772 209 0
2724 879 11
1281 1118 11
46 5709 8
46 5782 9
2725 208 1
2728 4058 1
1680 879 5
879 1680 4
880 896 11
880 740 0
40 6276 0
40 6262 0
6283 296 4
6286 7930 0
6289 1282 19
209 5299 0
1682 4 1
881 10 0
6293 6246 0
2730 2807 11
447 6166 4
447 2698 0
3776 6601 1
6298 300 11
882 346 1
882 3811 1
882 346 0
1684 6005 1
89 2334 1
89 895 0
89 2628 0
89 86 0
89 175 0
883 6270 5
1285 6287 1
1286 724 1
1286 47 0
1287 902 0
6304 1285 1
1288 15 1
1288 347 0
1687 3790 0
1687 3830 0
2736 3778 1
2736 15 1
3778 9008 5
6315 1685 0
2739 6311 1
47 1286 1
728 5624 4
884 9012 15
884 2738 0
2743 208 8
1290 1652 5
6327 2778 1
6332 6608 18
1291 61 5
2746 6295 0
541 280 1
541 412 1
