215
518 1846 20
4099 521 3
4111 977 12
37 568 3
37 1605 3
37 3627 3
37 1868 3
952 4129 20
4149 4156 12
565 4138 20
4159 4157 20
20 368 3
4260 4259 3
184 404 13
4467 2510 7
1975 1612 12
375 137 3
4518 49 3
258 4919 13
2016 4473 12
998 260 3
6 4304 20
6 4430 20
6 4231 20
6 4218 20
6 4208 20
6 4205 20
6 4107 20
261 4521 20
2026 2477 3
1004 1003 12
4579 2033 12
187 1932 7
187 1931 7
262 999 20
262 2026 20
1008 990 3
189 741 3
55 2001 20
55 1602 20
4694 4706 3
4703 4428 20
383 4801 13
383 2079 13
383 4718 13
4733 601 3
4737 4855 13
2090 2091 13
385 1894 7
110 1032 13
2112 2087 13
386 2605 13
386 4794 13
387 4820 13
2145 2131 12
32 2178 20
32 399 20
32 5037 20
32 1059 20
32 4784 20
32 2233 20
193 407 13
4923 4924 12
602 406 3
602 27 3
84 2292 7
84 1101 7
84 621 7
195 1617 3
1056 1109 12
2189 4958 3
2199 27 3
33 6349 3
33 69 3
1074 112 3
1083 2250 3
144 27 12
113 4728 3
113 69 3
113 621 3
613 977 3
85 616 13
85 2323 13
85 2257 13
85 5097 7
615 526 3
615 4967 7
2256 235 3
274 394 3
276 2301 3
276 2367 3
2285 1915 7
2291 4796 13
406 2253 3
5220 212 3
5227 5267 13
624 2319 3
407 1128 3
279 1087 3
5262 2328 3
57 289 7
5278 5298 3
5279 5295 13
2337 197 3
2341 2343 3
5309 5332 12
5339 5369 3
28 83 3
5390 417 3
146 201 3
115 5355 3
2391 416 3
116 2685 3
116 2403 3
413 5443 13
5465 428 3
528 2394 3
415 2415 7
2431 320 3
19 639 3
19 1071 7
417 2432 7
417 5506 7
43 5507 3
43 283 3
201 120 3
652 2484 3
2468 24 3
5594 5504 3
2486 1198 3
5619 2489 12
2497 663 3
2509 658 13
152 2508 3
666 668 3
17 2387 3
17 5535 3
1174 677 3
1177 680 12
290 634 3
5750 24 3
671 5745 7
5 5447 13
5 1150 7
5 290 7
154 676 3
5828 2184 3
1200 681 3
5865 2596 3
2591 2592 12
2594 2588 12
45 2402 13
3734 1239 12
1211 2381 3
51 284 3
51 2516 3
51 650 7
2616 699 3
5932 5071 13
1217 442 12
121 1235 13
2634 173 12
697 5990 12
697 173 12
1221 78 3
134 68 20
173 5928 13
1235 344 12
2652 2656 3
1661 62 3
709 8974 20
21 5601 3
21 6061 3
21 6127 3
21 2582 3
21 6082 3
21 2804 3
21 271 3
344 78 3
2689 174 3
718 2706 12
2704 1266 3
719 1269 3
721 2712 3
122 39 3
877 446 12
1276 724 3
240 1280 3
240 8989 3
240 2671 7
40 7864 13
40 7130 13
40 6269 13
40 1489 13
1283 723 13
9 174 3
9 1252 3
9 2584 3
9 90 3
9 1660 3
9 207 3
9 727 3
9 292 3
9 704 3
9 2637 3
9 2606 3
9 1215 3
727 1223 13
47 241 3
47 2771 3
47 2939 3
90 300 3
90 6351 3
90 2747 3
1690 1284 7
