225
4093 6 21
4094 6 21
4116 6 21
4123 1854 21
4128 952 21
4140 953 21
1863 37 2
4155 565 21
3626 565 21
567 1843 2
567 20 2
4183 20 2
4196 6 21
4197 6 21
4198 6 21
4203 6 21
4207 6 21
1605 37 2
4224 20 2
4227 37 2
963 37 2
4242 37 2
965 569 2
965 566 2
1899 369 14
4275 6 21
4306 49 14
4307 49 14
1945 20 2
4387 6 21
4438 993 10
4449 233 10
1963 1958 2
521 1844 2
1969 375 14
1970 985 14
576 6 21
376 667 2
1984 261 21
1994 20 2
1000 260 14
4543 55 21
137 375 2
1003 1005 10
2044 6 21
1019 4670 2
267 1105 2
4753 108 14
1029 4751 2
4786 2119 14
2111 32 21
2129 387 14
2133 390 14
1044 111 2
2139 604 2
2140 273 14
2141 274 14
1047 2156 10
2161 4898 2
841 8918 10
2178 32 21
83 28 2
396 2189 2
2211 274 14
1072 19 2
2237 623 2
112 1074 2
2253 406 2
272 57 14
5093 85 14
5101 619 21
619 158 10
1097 1095 14
404 184 14
5184 275 14
405 276 2
5215 5209 14
2319 624 2
5234 2358 21
69 2865 2
69 33 2
407 193 14
1110 279 2
1111 1 2
526 273 2
27 406 2
27 602 2
57 28 2
5293 628 14
2353 154 10
2367 276 2
197 2337 2
410 841 2
2373 279 2
2383 103 10
2385 200 10
5405 1 2
2387 17 2
2392 45 10
411 642 2
5433 17 2
70 528 2
639 149 14
5446 45 14
1137 3710 2
5458 413 14
413 116 2
2407 1144 2
5466 33 2
2411 1 2
5475 418 2
2415 415 10
5486 146 2
645 28 2
2426 33 2
2432 417 14
1144 43 2
648 1 2
284 51 2
5550 17 2
651 103 2
651 2396 2
653 1 2
3720 8923 2
2459 1 2
286 1 2
1150 5 10
5595 202 10
855 854 2
5598 2344 14
5603 658 2
118 5 10
424 1 2
2491 1703 2
658 2509 14
426 75 10
2502 17 2
2507 2506 14
5643 152 2
5678 33 2
663 2497 2
2521 2315 2
5688 33 2
5689 17 2
204 1 2
17 2383 2
2531 1 2
1179 612 2
1180 1178 10
289 28 2
668 666 2
669 103 2
669 51 2
1184 110 14
2549 2649 10
120 201 2
5795 20 2
1200 676 2
1202 5596 2
2582 21 2
24 2524 2
24 65 2
24 2476 2
24 5589 2
65 2465 2
677 427 2
3728 1 2
5858 1 2
1204 87 2
2585 3813 2
5879 91 2
436 237 2
437 5451 2
439 2495 2
2605 386 14
5915 2575 2
1649 1239 10
2610 1215 2
22 998 2
22 1942 2
5968 207 2
39 437 2
39 1219 2
39 51 2
2635 51 2
2636 33 2
1221 78 14
2638 51 2
2639 9 2
1223 9 2
2646 9 2
1234 9 2
1235 121 14
59 39 2
59 141 2
59 1 2
2662 2674 2
6105 91 2
2671 240 10
712 1 2
2678 269 2
713 8929 2
6145 6388 10
6159 718 10
6162 721 2
6171 1 2
174 9 2
1266 2704 2
2711 1268 2
2711 345 2
3766 8994 2
6225 295 14
6233 4 14
2713 1299 2
1274 18 2
1275 1299 2
157 2199 2
1280 240 2
724 1276 2
724 47 2
727 9 2
1284 1690 10
1686 18 2
2740 1307 14
1689 9013 14
