7100
1320 359 6
3858 3859 0
260 245 1
210 184 15
1609 4635 4
1937 1899 4
995 1095 1
3738 2725 1
3937 3849 10
2276 2344 3
1044 1048 9
1369 1463 1
1506 4977 1
1161 1658 8
941 1369 4
2509 2508 6
3312 3308 0
1658 2215 0
3100 2917 26
2540 2541 9
593 591 11
1285 969 1
1381 4848 1
3856 4053 26
252 251 1
2192 4382 0
3968 3895 26
3535 6328 8
794 4571 23
2209 1843 25
468 37 4
3002 3218 10
1938 1737 10
931 818 0
4136 4066 25
591 602 24
2954 3147 24
2375 5425 9
1689 2301 24
1921 2176 10
4078 4210 10
2630 3100 24
165 92 10
1874 2285 0
2741 3153 4
825 1581 4
897 950 2
2681 2718 11
1365 1367 4
2440 2705 4
86 1171 14
128 87 1
3903 3965 6
3111 6008 1
380 167 1
1583 5011 6
1507 2301 21
1330 1095 14
2136 2327 4
92 1053 0
3147 2848 26
2224 2146 6
3147 2916 26
3805 6511 10
2478 5564 4
2815 2822 8
3108 3109 1
741 701 4
2569 2509 23
3147 5737 1
3880 3885 26
413 369 15
1639 2301 3
540 494 23
3879 3972 8
3660 3839 8
788 787 6
615 508 4
3839 3520 0
3220 3217 1
2378 1121 0
1022 969 4
2923 3042 11
184 210 2
1148 870 4
1122 2378 10
1754 1826 3
3879 3972 8
1183 1516 4
2407 2417 24
1868 1807 0
2578 1422 1
2301 5155 26
209 628 1
2827 5628 1
3673 3667 1
439 147 4
2222 2175 10
997 1192 13
1127 4703 26
4014 3997 3
1095 1094 10
1185 4739 1
1068 969 4
1154 1150 6
2971 2883 1
3752 3727 1
1319 1545 1
660 4517 4
2413 3063 3
1508 1343 14
3849 6536 10
141 13 4
631 714 29
1398 1406 0
2378 5441 0
2662 3147 24
524 3349 2
2058 2337 0
295 290 8
876 682 15
1184 1110 23
1342 800 0
3326 3358 4
3291 3391 24
1265 1855 10
3804 3927 0
1487 1136 6
988 973 4
3838 3927 4
7 89 5
3147 1138 1
2138 2046 10
3792 3894 8
2881 1691 3
698 4530 1
1734 5088 1
3841 3830 26
1363 1352 4
2559 5613 4
2468 2499 21
3851 6538 8
3100 2963 26
2301 2194 26
47 1309 1
3799 3868 4
519 281 15
1812 1848 4
2929 3147 24
3834 6528 1
2221 2242 6
762 719 23
1175 1376 1
1060 1190 13
1487 1342 10
3100 2980 26
2333 2332 1
2718 2640 4
2082 2109 10
4220 3448 24
1013 882 17
2374 5424 1
2378 2603 0
2567 3147 24
3613 3860 26
1053 947 6
740 703 6
3145 3048 0
3080 2811 23
3837 3749 1
3147 2671 26
4104 4081 3
1658 1352 0
2913 2934 4
1994 5225 13
2651 2650 26
3830 3841 24
1712 1887 1
4053 3856 24
1973 1971 4
2897 5857 1
1261 1079 1
1254 1060 4
1446 1383 21
449 4379 11
3944 4168 10
592 510 4
591 601 9
1770 2301 21
3440 3444 24
2429 2444 22
2378 2155 0
4022 4023 3
2348 5399 13
2055 2057 1
1079 1661 4
562 551 15
1978 5218 13
399 689 22
424 621 2
655 434 2
2338 1675 4
2854 3130 0
1293 2997 4
73 63 4
321 195 4
3200 3196 10
1115 1378 3
3968 3898 0
931 1050 1
1258 1282 1
191 408 26
2301 2093 4
1216 1219 4
1163 4726 1
738 798 4
132 541 12
2222 2176 10
2794 2884 1
2808 2810 1
3100 2674 26
1050 1658 8
601 593 11
3100 2874 26
2049 4733 4
1576 2378 10
2240 2241 1
1086 1187 4
2741 5607 10
139 109 6
3660 6452 10
969 1068 1
2176 1944 10
3949 6484 4
4201 4030 0
3686 3685 6
609 607 9
3892 3861 1
2102 2138 0
2934 2951 11
3838 3927 4
988 1134 13
893 916 1
2508 2509 4
1079 794 4
4194 4143 6
685 1448 3
3874 3893 26
970 2123 4
3412 3411 3
1506 4363 1
1039 1036 1
2378 1661 0
2301 2311 10
2248 4541 0
3910 3914 26
388 378 1
3363 2855 4
1715 1130 4
2378 1798 0
1782 4553 31
686 526 1
3304 3312 1
2378 4957 0
3839 6534 1
3850 3871 1
1872 1859 10
3532 3839 10
2010 2020 1
2074 2200 13
1747 5090 1
1519 1527 12
1597 5014 4
2946 2592 24
101 4283 24
1724 2059 24
920 924 1
4090 4088 6
3041 3018 1
2171 2311 3
1168 779 1
3147 2715 23
4011 4098 6
3693 3927 1
3858 3852 0
1513 2378 4
1506 4228 4
972 936 4
2296 4707 1
1149 750 1
2798 2797 22
3349 680 23
1855 1143 22
933 936 3
1679 1735 13
3855 3955 0
259 1051 3
3383 3100 26
1658 1062 0
1053 322 4
2311 1450 4
1956 4989 0
2146 2378 1
3594 3572 1
3059 3064 4
2807 2594 1
1270 1272 10
1090 1177 1
3122 3126 4
1124 4700 4
1359 1367 22
2409 2434 0
746 1170 1
3887 6548 4
3979 3982 8
556 68 4
3321 3385 10
3676 4159 4
420 474 14
84 119 0
2368 3486 1
2840 2471 4
3857 4119 6
1161 1279 4
1156 1157 3
3701 3702 4
2231 5066 5
3838 3831 10
2088 1074 22
1640 1405 10
577 602 24
3147 2552 26
2486 2497 21
1506 4818 26
1130 767 9
1224 1227 5
3875 3858 1
2644 3147 24
1898 1871 5
2215 1525 1
4154 4181 3
3941 3943 3
1254 1190 13
1463 1285 10
3538 3559 4
1333 2097 8
3085 3290 10
1898 1882 6
3839 3714 5
1260 1174 15
916 961 0
1029 4651 1
4138 4207 10
84 486 0
3491 3488 10
3749 3837 4
1782 1763 10
1513 1183 14
4105 6554 6
2579 5471 24
2215 1341 4
1565 1751 1
2983 3383 4
615 463 4
1871 1898 8
3800 3808 1
672 4381 3
552 1958 0
3024 3030 4
1795 1808 1
4180 3890 6
686 527 1
2124 2220 4
1384 1391 1
4082 4078 0
2641 2705 4
3844 3843 5
2463 2462 10
1879 1878 4
249 241 17
949 1147 4
4141 4100 26
1708 5070 12
1093 1173 5
3399 6009 10
302 303 4
1793 54 1
1421 2378 24
555 554 22
2560 3042 4
2983 3100 4
1424 1392 1
1259 4424 2
1972 2011 4
684 447 1
447 684 4
3391 3291 26
3486 6354 4
2971 2768 23
2724 5607 4
3839 3836 5
1615 2248 1
2690 2686 24
3590 3573 24
3021 5925 22
3113 6008 1
3787 3836 10
4030 4019 6
861 1267 4
2686 2690 26
1029 4228 1
1119 1265 12
2167 5308 3
1544 4959 1
2046 2102 0
342 899 1
4207 4171 4
2043 2332 1
903 904 21
273 374 1
839 2085 1
1966 1523 6
2045 2047 0
3575 3616 24
1254 1341 2
782 1258 13
1799 82 15
256 1430 24
3311 2941 4
209 732 1
2651 5709 5
3884 3874 24
4212 4204 24
2612 2619 0
4045 3994 4
3796 3794 10
2084 1917 23
2723 3153 1
567 1369 3
2378 1421 26
1342 1487 0
2388 2417 21
129 399 2
2536 2811 4
1104 762 1
2040 1941 23
2027 4544 1
2378 5221 4
1748 1738 1
936 909 3
2229 4544 1
411 621 4
3576 3628 1
2626 3147 1
2429 1613 10
477 440 3
1417 1161 1
4010 4016 26
1144 1184 4
1884 2001 1
3858 3874 10
1476 1480 22
1376 1158 15
1304 4794 13
894 893 4
3890 4180 3
2238 2199 10
2560 2718 4
3147 2708 1
2692 3147 24
2429 3031 22
2378 5295 0
2011 2285 1
1683 5063 1
3100 3172 26
1228 1229 1
1239 1068 4
2378 2594 0
2957 2955 9
2287 2288 3
763 4558 6
659 992 13
2472 2496 21
2914 2888 23
2037 2045 0
3431 5697 9
3858 3859 0
1094 1352 4
1330 1359 4
3668 3665 1
2378 1951 0
3773 3534 1
2644 2584 1
394 233 14
3000 3010 12
3383 3221 26
191 4283 8
3100 3186 26
1067 1669 1
2072 4866 13
3019 5924 8
2870 2635 4
769 785 5
2498 2462 22
2825 2697 0
3707 3652 1
3487 6358 6
1858 1857 22
615 697 13
4003 3986 5
3804 3722 0
664 895 4
3381 3230 1
591 593 9
3414 3220 4
2442 2386 3
909 933 10
84 78 0
2378 2178 0
1057 1058 1
1101 1106 3
177 184 22
2320 2319 13
2675 2718 1
3877 3875 0
3153 2733 1
3354 2685 14
2138 5300 4
1790 1859 4
333 398 10
1968 2062 13
1915 1916 1
2499 2476 22
199 707 4
930 932 1
3523 6371 6
3153 2741 1
3927 3804 10
2429 3783 3
3794 3777 10
3293 3204 4
1112 1116 1
2640 5563 1
1935 1815 3
3075 2862 3
3526 3545 26
2259 2378 10
2475 2499 21
3856 6539 26
265 286 0
142 418 5
767 368 1
3846 3815 1
3005 3003 4
122 123 4
3190 3243 1
2378 1785 0
867 527 1
2907 2967 6
1969 2027 1
3495 3635 4
112 113 3
2206 2207 10
1458 1459 4
1748 1747 4
525 1459 1
2508 2569 4
53 2079 1
3634 6444 1
2386 2442 6
1450 4819 1
2080 527 1
3585 3592 5
3488 6359 5
93 79 6
611 298 26
1371 982 22
2447 5554 11
1183 1973 4
4126 4124 8
2083 2109 10
1481 1544 1
593 213 11
1611 1583 23
3888 3846 0
2770 2811 1
900 799 15
345 253 4
2671 3147 24
1426 1437 6
339 447 4
2244 1753 21
1130 1715 1
2442 5546 23
3732 3747 5
2733 2569 1
2509 2508 1
3779 3753 10
3554 3716 1
3021 3019 22
2905 3147 24
1383 1442 22
84 102 0
3874 3893 26
3867 6542 8
3853 3854 3
2085 4953 4
2602 2952 13
3817 3810 10
2052 4599 1
519 432 23
3422 3401 8
227 1784 4
1371 1059 22
2841 2395 5
883 940 2
4153 4165 10
726 393 5
1487 4964 12
2228 2229 3
1183 2027 4
2947 5651 24
3809 3788 8
2864 3290 4
3147 2790 26
1859 1872 0
1341 1530 1
2741 2695 1
1053 1112 4
424 411 9
4055 4068 10
3850 3871 1
793 792 8
3042 2560 1
2947 2592 24
4161 4162 24
1698 1120 1
39 103 1
1972 2301 6
1413 4822 24
2699 2741 10
2145 2144 1
2378 1957 0
994 873 6
2003 1567 23
3292 3321 0
397 501 24
1053 237 22
2646 2007 1
1939 1902 23
2473 2499 21
2594 5659 10
2510 2640 11
2741 5646 22
2301 1639 6
1956 5204 4
3815 3846 4
3261 2657 4
1176 1185 1
4063 4034 4
201 204 1
3035 2429 6
139 191 2
610 497 4
229 267 1
1297 1307 1
2570 5439 3
1512 1342 14
329 339 8
938 229 4
1944 2176 0
2192 459 0
2785 2639 4
548 1309 1
798 4553 31
2768 2971 13
354 257 1
1669 4950 1
3751 3733 4
2237 2261 4
3147 2957 26
1123 1855 1
1230 1619 1
1265 4766 1
486 84 10
3840 3657 24
1761 2062 13
2117 1313 4
1715 1905 6
3582 3804 4
2301 2195 26
2740 5750 4
1238 1305 13
2199 2186 24
1006 1062 4
2541 2540 11
3010 3000 14
795 741 4
132 88 15
2311 1596 26
4097 4071 1
4092 4142 24
1324 1323 8
3765 3794 10
1214 534 4
2784 3128 24
1062 1658 10
2061 1704 6
1909 1637 4
2215 2188 1
1112 1339 1
936 973 1
3808 3800 4
3297 6008 1
1828 2585 3
682 808 1
4076 4069 8
2704 3147 24
3434 3140 4
1040 662 1
2971 2796 23
3795 4200 4
814 1066 1
2949 3147 24
2248 242 1
770 717 4
1951 1957 4
1096 1013 7
3383 2983 1
313 1353 10
464 2460 2
4006 4054 3
110 634 2
2376 5425 9
1938 5070 10
724 1138 1
2576 347 4
3863 3880 24
1874 1708 10
2059 1692 1
290 293 5
1184 4738 10
3625 3616 26
3449 6323 8
2246 2245 4
2378 2111 0
2383 2895 8
4020 6573 1
1810 2754 4
2678 2666 1
3827 6524 1
3500 3503 4
3873 3102 4
1382 286 4
2234 2176 10
1112 4381 14
992 968 4
3884 3865 25
3376 6008 1
3809 3788 8
3436 3366 1
3766 3613 24
916 894 1
3538 5264 26
348 353 2
1035 1034 26
2741 2665 26
1871 1882 18
3655 3483 1
1857 1858 24
726 1813 0
1183 1513 12
1281 1226 23
84 93 0
3864 3829 0
1337 1359 21
97 87 1
1855 1197 4
5 18 4
4204 4155 3
2856 2844 8
2159 2176 10
3455 3472 0
1547 1712 18
1708 1874 0
2928 3171 24
3828 3841 24
2301 2011 3
1506 47 4
627 327 1
3876 3968 0
2705 2641 1
2013 2043 1
3153 2723 4
3107 3109 9
1246 1244 1
3966 4216 26
134 40 10
3456 3458 4
1658 1742 0
125 33 15
1969 5210 4
2085 1469 12
3157 3100 24
953 1530 1
2634 5696 13
613 4495 4
1359 1330 1
2043 2013 4
3856 6539 10
4111 4112 3
2453 5486 3
257 255 1
763 3349 13
3100 3070 26
48 49 4
2061 5076 4
3699 3715 5
3862 4040 4
2252 5310 0
3732 3935 5
281 519 2
3168 3167 14
3123 6017 1
3852 3858 10
84 43 4
3663 3839 8
726 375 14
1859 1842 0
1315 1317 18
2159 2088 4
1015 250 1
527 1260 4
1546 1402 1
667 545 1
3874 3889 26
2817 2809 1
1794 2378 1
2772 3147 24
1089 1177 1
785 907 8
2641 2560 1
2088 2076 23
767 978 1
1164 1055 6
990 1907 4
3332 3363 1
635 3349 12
1535 1160 1
332 272 4
1011 910 1
477 438 3
1079 596 23
352 477 1
2924 2826 4
1859 1831 0
239 260 2
1636 1651 6
15 107 3
1492 1703 10
3243 3158 1
3147 2554 1
577 4479 1
3557 3839 8
684 2027 1
285 358 2
519 1088 22
3613 3766 26
2383 2390 4
1342 4703 0
2705 2909 4
2596 2378 10
1764 1887 10
527 867 4
4098 4011 3
807 987 13
1250 1251 1
1449 2121 1
2916 5868 1
3254 3264 3
567 448 21
2285 4522 1
809 900 21
1116 1658 10
132 46 4
527 686 4
2890 3008 24
497 512 13
583 208 1
2270 519 21
883 891 21
2141 4629 1
1855 1328 4
2913 3147 24
1352 1094 1
1530 1658 10
423 620 1
3170 3116 6
2188 2215 4
3100 5575 26
3800 3808 1
2802 3100 24
2569 2386 23
805 1855 1
2965 2581 3
957 489 23
1467 1418 1
1581 4579 13
3293 3205 4
686 529 1
3482 4047 24
672 2285 1
3731 3725 4
3794 3796 0
174 191 1
2451 2532 9
1506 4799 4
2155 2104 23
954 4539 9
1596 2311 24
725 4330 8
560 460 5
3812 4017 5
2629 3100 24
459 4382 18
1973 1969 1
2133 4990 1
2085 1509 22
3147 2668 26
1357 4823 3
975 1111 1
157 163 13
1134 957 1
1145 1319 1
2701 2696 6
1116 958 22
902 785 21
1127 966 15
1991 2059 24
3368 3415 4
2891 2965 3
894 1421 4
2518 2455 1
1669 2143 4
391 341 1
40 27 1
2301 2093 12
2085 2060 5
2641 2591 1
1592 1562 4
1217 1371 0
2585 3414 4
152 206 4
871 1076 18
2143 5055 10
4121 4158 24
272 160 6
2288 484 4
982 1371 21
2796 3075 1
1359 1365 22
3839 3516 1
1389 1424 4
2386 2569 13
1054 1929 13
1383 1440 22
1112 1053 1
3100 3201 26
3942 3922 1
943 928 14
1644 1715 3
1330 2378 10
1471 2007 4
859 4580 1
2109 2104 1
945 1530 2
2687 3100 24
3147 2781 26
1469 839 4
2948 3147 24
2378 1871 0
2173 1600 4
2164 2183 13
2793 2798 21
907 785 5
1373 4846 1
3048 3100 24
1271 1272 10
2189 2309 1
1757 2176 10
2301 4980 4
434 779 12
174 210 1
61 60 8
1914 1940 11
3147 2946 26
3158 3243 4
2581 2965 6
3550 3571 24
3147 2524 26
1511 2141 12
3854 3853 6
2604 2704 1
2410 2498 21
1520 1519 21
3402 2525 10
1794 1796 10
1527 1519 14
724 973 1
693 529 1
3100 2896 26
3569 3570 4
3794 3849 10
1540 1500 4
2176 2252 0
1209 2127 2
3290 2658 1
2711 2800 13
1921 1903 6
3109 3106 11
2138 2110 23
707 708 12
2765 1606 3
1601 1604 6
2807 5439 3
161 334 1
1708 1703 10
3736 3842 10
3839 3660 5
326 707 13
373 367 1
559 207 4
615 714 3
993 1116 1
3839 3663 5
3147 2933 26
2990 3429 1
679 696 29
905 2344 3
2153 2259 4
2301 1617 6
2758 2581 6
2636 2660 1
3884 3865 25
2498 2418 22
3807 6516 6
1481 4959 1
1097 1334 29
208 583 4
1524 2034 13
3382 3374 6
3839 3890 1
2592 2946 26
2036 2073 6
871 1492 1
3766 3767 5
1512 1382 0
3848 3852 8
2955 3147 24
2600 3147 4
911 605 15
3202 3293 1
3638 6325 10
695 700 6
2989 3005 0
2434 2403 4
599 577 11
3674 3839 8
3805 6513 4
3862 6541 1
2332 2013 4
3811 3849 10
1484 1491 2
912 1087 0
3902 3901 5
2643 2905 0
373 707 5
3100 2910 26
1053 762 1
4011 4082 6
115 116 5
99 80 0
3989 3998 24
3841 3828 26
262 2248 1
1527 2215 4
1022 998 4
907 911 0
2085 2079 5
2011 2301 6
974 1422 13
1499 1494 25
2216 2218 10
2605 3462 4
3528 3622 4
4226 4189 10
774 4565 1
1439 1626 2
1127 1078 6
1712 1547 25
3496 3502 3
2081 2109 10
2071 2070 21
1790 1872 10
1129 4707 1
1119 1855 1
2023 1839 1
2378 1585 0
537 555 1
1187 729 4
327 315 4
4115 4114 26
577 298 1
2672 2704 1
3894 3792 5
2123 4620 23
260 232 1
2864 2658 3
447 338 5
2611 2751 6
477 578 12
1834 5150 1
845 868 4
147 148 3
2557 2975 4
3874 3858 0
3224 3383 24
740 4381 1
2080 4733 8
1616 1614 4
1997 1573 21
4201 4157 3
2665 2741 24
846 885 22
1130 697 10
2264 5349 1
1677 1593 4
371 1118 4
80 99 10
1864 1272 10
953 1658 8
125 47 4
4076 3874 24
1859 1907 1
2694 2770 4
1784 746 8
3145 3100 24
3397 3296 3
1321 1134 4
1930 2313 1
4044 4080 3
3100 3171 26
2903 2906 13
2883 2887 4
812 1342 1
164 27 4
3100 2589 26
2798 5355 4
957 1321 4
1844 2311 5
1768 2301 21
502 280 15
1493 1048 21
2672 2604 4
1826 1754 6
2378 5437 0
2592 2643 26
704 208 1
2044 1789 4
665 225 15
1796 1794 0
1685 1802 13
2254 2256 1
1567 2003 13
3874 3888 26
993 1339 1
3133 3169 13
612 542 6
4219 4132 6
40 84 1
2417 2462 0
3927 3821 26
714 615 6
3293 3203 4
1112 1087 4
3363 3347 4
1081 1100 1
2803 2768 25
2359 2360 12
2853 2942 13
2428 2378 1
2364 5412 4
279 514 3
1380 1379 21
3358 3326 1
2236 2301 1
1658 1530 0
688 772 30
2175 2094 1
1189 1506 1
92 254 1
563 1450 1
1092 1091 9
2301 2236 6
4010 4059 10
495 475 1
3602 3763 3
2894 2605 1
1048 1046 11
497 608 1
1188 1192 4
1410 1424 4
3858 3852 0
3147 2645 1
1858 1684 10
1191 488 1
593 601 9
1703 1512 14
3325 6189 23
1744 2083 13
2301 2269 1
1909 1637 6
1165 2378 1
1852 1940 11
1309 1280 10
1678 2338 4
1166 2296 4
1739 2119 18
934 940 4
3768 3769 24
2445 2429 21
229 938 1
2378 2028 0
209 258 4
3423 3401 8
3077 1178 15
2378 1794 4
623 688 30
1298 4776 10
2832 3237 1
3991 4002 4
2378 1516 4
3875 3858 1
3842 3739 0
3192 2429 21
527 1174 4
1530 1341 4
1329 1080 4
911 822 15
1333 1669 1
2451 2454 11
939 950 21
4210 4214 1
2044 2085 8
2643 5651 1
1703 5075 0
2378 2428 4
1655 1715 10
526 686 4
3619 3648 4
54 104 4
1219 4579 4
2988 2987 4
3839 3532 0
2329 2098 6
2971 2803 23
1339 1161 4
2862 2971 10
2176 2170 0
3491 3480 8
1363 4683 0
1170 1096 4
3434 3139 0
959 1116 1
981 1043 1
3874 3884 26
4029 4010 24
2042 2157 13
648 589 4
3740 3739 25
3305 3344 1
2512 2477 1
2569 2517 4
1339 993 4
3147 2584 4
3804 3729 0
3127 3091 1
1285 1463 0
621 424 15
1937 1899 6
592 426 4
1134 936 4
3860 3613 24
1909 1584 1
3187 3383 24
2009 2021 4
2769 3147 24
2007 3147 4
349 332 23
1280 4778 4
2378 1498 0
40 67 0
2429 1666 1
2936 3147 24
2708 3147 4
1831 1859 10
1424 4877 1
3100 3092 26
3794 3765 0
3415 3413 11
1452 1701 4
3805 6510 8
1834 1572 4
1005 891 21
2497 2464 22
332 336 13
2439 2449 1
2626 2625 4
936 972 1
3854 3853 6
2955 2847 23
1593 1677 1
1424 1428 1
3819 3829 3
188 187 25
3650 3911 1
981 1363 21
3237 3137 6
1814 1805 4
1921 1813 4
2829 3218 5
1099 292 6
4013 4011 10
462 481 13
22 4229 4
3147 2007 1
399 421 22
2504 2569 3
1015 4229 1
2773 2665 4
84 79 22
1560 1563 22
3834 6529 1
1512 1508 0
496 444 23
100 1052 22
1817 823 1
2766 2772 4
2569 2547 26
2776 2754 4
3712 3448 24
514 513 15
1161 1061 1
2142 2165 24
1696 669 1
1081 1309 1
909 919 0
1272 1812 0
3888 3874 24
459 2252 1
816 817 22
1447 1929 13
2301 1972 26
460 560 8
3811 3849 10
2883 2971 4
4064 4036 4
360 4363 1
1487 1272 10
2539 2431 6
2378 2807 0
436 519 13
2883 2791 4
452 575 4
2640 2718 1
98 4265 15
2480 2442 23
934 1023 12
2619 836 4
1632 5014 1
3874 3888 26
1748 5091 1
512 497 23
318 173 1
3100 3007 26
2610 2630 8
2378 1946 0
2266 2235 23
1482 1728 13
978 1124 10
629 642 4
3839 3574 5
4140 4122 5
4067 4113 18
637 1053 4
3990 3987 24
3564 3839 8
1677 1833 1
1424 1411 1
2343 5395 1
182 185 3
2569 3402 1
2551 3147 24
284 4330 2
373 767 2
936 811 4
2545 2741 1
3423 3418 23
126 918 1
2649 2651 24
762 728 15
3847 6535 10
2594 5450 0
3147 2950 26
2176 2063 0
2715 2712 4
1858 1856 26
105 170 3
2656 2492 4
4103 4142 24
1914 1852 11
1533 4847 4
2934 3147 24
2947 3147 24
3835 4198 4
164 93 4
481 462 23
1392 1424 4
457 532 13
2106 1764 23
2512 2478 1
925 1027 1
3900 3956 26
3100 2555 26
3100 3069 26
1252 495 23
953 927 4
3858 3875 4
2296 1166 1
2215 1530 24
2178 2378 10
1168 4567 1
3795 6506 4
2860 2859 24
104 1793 4
940 934 1
1473 1909 2
340 339 8
3818 4990 4
1970 1017 1
839 841 8
3458 3456 1
2390 2383 1
2846 2869 3
159 162 1
719 762 13
84 124 0
1784 500 4
3968 3975 1
3861 3892 4
1646 1531 11
2806 2805 23
3579 3674 10
3291 6178 5
3842 3740 0
2709 2798 1
2677 2746 13
1487 1108 23
2721 3147 4
3628 4151 4
1625 1637 1
816 817 4
2676 5718 20
2027 2049 1
489 2155 1
1385 1393 1
3207 3118 1
1926 2176 10
1469 2085 14
688 327 1
746 4298 5
1720 2718 4
4169 4133 3
362 363 3
3333 3180 6
1506 898 15
3471 3481 24
1112 4694 2
1859 1862 0
1183 1513 4
806 1107 0
746 1013 17
3843 3844 8
3140 3434 1
4043 4007 25
461 444 4
2429 3175 22
1278 1161 1
1784 227 1
1358 1359 21
235 1053 21
1530 1416 10
1703 1708 0
2419 5481 6
3218 5124 1
361 130 6
3293 3202 4
3839 3663 5
262 264 1
2050 2013 4
1367 1365 1
1769 1806 13
3869 3628 1
1899 1937 1
2287 2288 4
3243 3189 4
1487 1519 1
1412 2072 3
2493 2499 21
3836 3787 0
2550 2450 4
628 553 4
2367 5418 6
3584 3670 24
1719 2176 10
1403 1429 10
876 971 1
1487 1362 6
1975 5214 0
3830 3841 24
2715 2791 1
864 111 3
1897 1891 4
3858 3875 4
992 4589 1
2378 4733 0
3015 5708 3
318 283 4
1498 2378 10
1793 1714 23
785 775 22
950 939 22
1116 1339 4
3420 3419 3
1561 1558 4
3506 3758 0
3846 3888 10
571 1609 4
388 4355 1
614 472 4
3833 6525 26
2111 2155 1
244 4321 6
2434 2409 10
3993 4020 4
111 1160 1
1839 1861 18
566 746 1
2096 1967 14
1733 4794 5
3837 3644 0
498 626 22
3933 3898 24
2301 2196 26
4025 4026 4
181 188 18
3840 3657 24
3147 2745 26
1309 548 4
1663 983 4
1676 4733 1
3818 6519 4
3414 3413 11
3790 3770 4
3839 3661 1
3529 6374 8
2378 1183 0
2378 5442 0
3814 3826 1
1450 1359 4
3109 3115 4
2921 2909 1
2807 5439 1
3147 2938 26
2175 1062 4
3357 6237 4
3520 3839 10
1516 1183 1
3147 2934 26
477 349 4
2254 1860 1
1352 1363 1
70 56 17
3498 3596 8
872 893 1
584 711 2
1934 5075 24
3147 2956 26
3882 3924 8
3882 3924 8
527 2080 4
0 18 0
2977 3100 24
3839 6533 1
1130 619 4
1887 1712 4
2180 5214 10
3345 3287 4
3880 6544 23
2772 3051 13
2259 2153 1
3217 3414 1
950 953 4
2311 1844 8
2321 2302 1
3203 3100 24
3822 6522 8
2281 1396 23
3372 3387 1
2656 2519 6
1715 1644 6
1134 972 15
2913 2951 1
939 1006 1
3816 6518 1
1013 4404 7
2992 3429 1
3875 3877 10
3492 3497 5
426 510 1
2540 5599 10
2781 2811 11
2134 2240 18
190 4283 1
4038 4136 24
3434 6314 0
399 830 22
621 402 23
1153 4358 4
3488 3481 5
2301 5155 0
1734 1751 4
979 1116 2
1530 1352 22
1958 552 10
561 446 6
940 950 4
3946 3876 6
2094 437 24
2708 2630 1
2447 2480 1
1477 1118 4
833 855 3
2378 5280 0
933 909 0
3100 3125 26
2591 2641 4
810 854 2
2311 2171 6
4114 4127 10
2004 2035 10
473 462 4
3277 2642 4
2301 1972 3
1339 1506 11
960 992 2
2972 2703 6
577 454 10
4040 5886 4
1855 4699 4
3802 3745 1
3851 6314 8
2812 2798 21
1343 1342 1
976 1021 4
2027 4565 1
561 590 13
1582 1699 13
1855 1233 4
2181 579 23
1662 1671 5
1131 1715 1
2356 1630 4
1386 1393 8
1432 1424 4
425 406 4
2548 2550 1
1996 1958 4
1190 1254 23
3839 3542 5
1855 1266 22
1593 1330 4
3147 2947 26
1839 1868 4
2128 2124 4
428 7 10
3065 3053 4
191 190 4
2916 5869 1
2027 4733 13
2369 1487 0
537 4381 1
1731 1777 9
1252 1225 4
3366 3404 4
2192 1887 1
3383 6077 1
3725 3731 26
3339 3109 1
3535 3456 4
2183 2319 11
1645 1580 23
3402 2569 4
2951 3147 24
1493 4733 12
3660 6458 4
4065 4063 10
424 414 9
2222 2035 1
2026 1407 4
510 592 1
2662 2704 4
1527 1520 4
495 1252 13
3912 3927 0
1170 4637 4
2598 2414 4
3852 3858 10
415 382 23
124 84 10
1165 217 1
953 1006 2
3781 3809 8
1171 1170 1
3012 3100 24
763 524 3
3118 3243 4
1955 343 23
1618 1656 1
2268 2267 25
2442 2480 13
375 145 14
4174 3684 1
3153 2860 0
1100 4688 15
1303 1322 2
2971 2806 23
1942 5196 21
1844 1247 3
779 1168 4
84 46 1
1715 1608 23
1048 1044 11
4198 3839 4
3373 3434 1
2628 3147 24
1643 5003 4
753 226 1
2469 2499 21
2269 4632 0
3107 3109 1
1134 4621 1
289 304 2
203 556 1
3826 3814 4
2429 5512 22
3874 3884 26
1833 2028 3
2434 2439 9
1079 712 1
159 842 1
93 84 10
1707 1753 24
1363 1335 4
4197 4135 25
4119 3857 3
1100 1081 4
1929 1234 23
2429 5512 4
3645 3610 6
338 447 8
2592 2644 26
2798 3153 10
2277 2148 23
2877 2876 1
592 550 11
2301 1944 22
1500 4553 31
2026 5247 8
767 104 1
1009 793 14
2880 2881 4
2744 2734 0
3667 3673 4
2439 2456 4
977 1314 1
3209 2429 21
1796 5107 4
1989 2157 1
1395 1431 4
3821 3927 24
93 164 1
2285 1874 10
2091 2035 22
1703 2301 0
2176 2186 0
645 586 15
762 1342 8
2522 2707 13
1692 5067 10
3101 3136 9
2429 5485 4
1782 603 4
2059 1742 4
1424 4920 1
3055 3093 1
466 471 1
1658 1844 0
3532 6378 4
373 368 1
4023 6575 1
850 819 25
650 4352 10
969 1063 1
1171 76 23
2605 2708 4
4198 3835 1
3535 3458 4
698 891 2
4188 4196 3
448 567 22
2954 2955 11
1898 1907 21
2747 2429 21
1118 1477 1
2325 1436 23
3684 3756 4
354 83 4
1374 1375 6
657 973 4
1154 4553 31
1729 1803 8
2911 3100 24
3804 6509 4
2824 2971 9
4213 4166 3
2631 1559 25
3147 2696 26
1701 1294 4
532 926 1
542 612 3
3971 3918 26
1213 1334 29
1822 1906 13
3661 3839 4
3100 2994 26
1683 1747 1
3243 3191 4
250 1015 4
2275 5355 1
3147 5856 26
454 431 22
4159 3676 8
3881 6380 6
3514 3805 1
1530 1533 0
3819 3829 3
559 570 1
3750 3761 0
3865 3884 18
1857 1858 21
3839 3466 5
442 512 1
2301 4946 1
1359 1364 26
880 917 21
1339 1116 1
4 428 0
222 4317 15
2550 2548 4
4208 4221 6
1383 1443 22
700 695 3
1424 1414 1
2625 3147 1
1730 1960 4
3795 4200 4
1753 1707 26
3845 3524 25
2345 5307 6
1405 1419 0
3370 3371 9
128 30 1
1055 894 1
1335 1363 1
2052 3538 24
3212 2589 4
508 456 4
1780 2534 1
3885 3880 24
40 140 0
3 8 3
2658 3290 4
3215 3216 9
190 177 4
3981 3984 10
3481 3488 8
3538 2061 10
2301 2011 26
2262 2211 23
218 230 3
1680 2338 1
2176 1901 0
611 197 1
2692 2833 1
3556 5887 4
28 102 6
2439 2434 11
2704 2604 4
774 837 1
595 153 4
230 592 4
1285 300 14
84 337 0
244 1530 1
547 585 29
498 469 15
1134 973 4
1669 1756 10
894 700 1
18 14 6
2978 3145 1
3597 3504 0
2311 1515 22
3885 3880 24
2894 5715 4
459 2170 1
894 695 1
2847 3147 24
3779 6489 8
1479 1652 1
569 747 2
2782 5486 9
3458 3535 1
3876 3968 0
225 222 20
560 116 8
1317 1315 1
210 177 4
720 506 23
2341 2166 23
706 692 6
3890 4180 3
488 90 4
180 168 4
2153 2378 1
3345 6226 4
980 987 13
3185 6064 6
951 923 20
465 510 13
962 1530 21
747 198 4
3454 3451 1
1647 5038 13
2590 5465 23
1819 1869 3
3864 3829 0
2050 2043 4
2749 3147 24
3925 4037 6
1545 1533 4
3699 3683 24
2463 2498 21
1934 5073 13
2591 5648 1
3134 3100 24
1887 2106 13
773 757 10
3345 2549 6
298 577 4
348 388 2
1448 896 22
2180 2184 4
194 4311 1
3625 3741 26
1747 5091 1
1751 5000 23
2248 262 4
2948 2936 9
3329 2995 4
1050 1060 4
3792 3548 8
2720 3147 4
1094 1371 10
1887 1764 22
921 942 2
1328 1353 4
2868 4238 4
4064 4051 1
1353 1328 1
354 282 16
2527 2529 1
2062 1959 23
281 276 4
3529 3676 1
2166 2255 4
162 842 24
1094 1095 0
1351 4818 10
3483 3655 3
1057 1056 1
1360 1123 24
2378 1039 4
3128 2784 26
1543 1542 10
3809 3781 5
3764 3782 1
973 718 15
3064 3060 4
3870 3879 8
3480 6347 5
679 730 29
3147 2936 26
1539 1570 0
1533 1395 4
2953 2955 11
1071 4673 4
841 839 5
1164 1421 1
683 1378 2
1019 4411 3
1144 1163 1
3147 2700 4
1653 2288 1
2921 5871 1
2378 1164 4
3147 2772 26
3876 3946 3
1053 92 10
2656 3100 24
444 496 13
3147 2931 26
3391 3290 26
1504 1359 21
3100 3068 26
3825 3835 5
2664 2689 1
3572 3573 4
454 577 0
2176 2051 0
914 1027 1
2839 2528 23
3480 3491 5
1943 1279 4
3005 2989 10
751 938 29
1131 1304 1
1455 4948 1
2288 5311 4
1871 1859 10
1905 1910 4
1207 681 4
1183 1969 4
3823 6523 1
1747 1738 1
516 571 1
2859 2860 26
1759 1784 8
1495 1593 13
874 968 4
2088 2084 4
2487 2499 21
492 620 4
1859 1790 1
4078 4082 10
2085 2044 5
485 301 1
1860 1850 4
387 510 4
891 544 6
972 1134 2
3337 3229 1
2517 2569 1
2534 2288 12
3301 3344 4
1560 1215 4
1342 1024 0
3628 3869 4
2908 3100 24
2040 2051 4
862 926 13
2594 2378 10
1135 4711 11
1996 2006 1
1658 1116 0
1695 1623 4
2079 53 4
2798 2813 22
967 992 2
192 296 1
3096 3098 9
1843 2209 18
3963 3915 1
1855 1359 0
2378 1898 0
2938 2737 4
2170 459 4
1383 1445 22
2192 1502 6
1973 4733 1
3402 3319 1
40 144 0
538 491 15
3279 3245 1
272 332 1
2140 2177 4
3100 3145 26
2331 2358 3
2206 2304 1
2930 3147 24
2532 2451 11
1170 164 8
1048 1042 15
2999 3100 24
1661 1079 1
950 940 1
3958 3905 5
3147 2905 26
2375 2762 11
79 93 3
1365 1359 21
2390 2425 4
595 530 4
2466 2499 21
2304 2207 4
1704 2061 3
325 334 1
2252 459 4
1593 2378 1
1181 4228 0
3964 3957 1
1764 1855 10
2381 2382 3
2760 2761 10
3015 2648 3
674 670 4
3146 3152 1
2304 2206 4
891 1431 12
3308 3312 10
3366 3155 6
2483 2499 21
2739 3147 24
973 657 1
510 230 1
3896 3907 10
817 816 1
2233 1986 6
1076 871 25
1508 1708 12
4206 4205 6
2285 2011 4
2766 2507 6
1121 4698 1
726 1098 5
2462 2463 0
2640 2486 4
1796 5105 4
1749 1753 6
92 165 0
3673 3674 8
3294 3004 4
3805 6515 1
2558 2931 1
2109 1103 4
1236 4424 2
3852 3848 5
1971 1676 4
718 657 4
3668 6464 1
2289 2302 8
1764 1887 21
973 957 1
3410 3426 18
1359 1450 1
2646 3147 24
3777 4074 6
1450 2311 1
556 134 4
1180 1506 0
1013 1281 17
135 110 23
2188 1343 10
3839 4131 4
2027 1969 4
593 212 11
1957 2378 10
2046 2138 0
1280 1309 0
1291 1701 2
2429 3783 22
1072 1855 1
1477 1195 4
907 587 15
2104 5284 1
84 40 4
955 1051 1
1855 1318 1
3662 3839 8
1079 1261 4
3201 3100 24
496 461 15
3100 3202 26
2781 3147 24
2269 2264 1
2966 3185 1
746 4260 17
1045 1304 1
3182 3631 3
177 191 4
2912 2373 6
1549 80 1
2390 2442 8
3517 3525 1
1308 1123 10
882 1013 7
2806 2971 13
3147 2743 26
3617 3625 24
3538 3539 1
3363 1026 23
2827 2578 1
3296 3397 6
3100 2656 26
4170 4163 3
1742 1658 10
3839 3552 5
2176 2222 0
969 1255 1
2104 2109 4
3754 3671 4
3484 3491 24
2897 3147 24
1076 4358 4
404 399 24
1964 4688 4
393 726 8
1272 1848 0
1279 1161 1
1128 1243 13
1519 1520 22
3883 3874 24
1715 1131 4
1194 1210 4
3402 6285 4
2644 5651 1
3011 3010 26
2847 2955 13
1605 1450 14
580 520 1
1712 1547 6
3796 3794 10
1341 4814 18
2446 5552 4
1658 1059 5
3266 2412 9
1683 4363 1
1116 959 4
405 4354 15
396 448 4
3005 2431 23
2378 4859 26
2971 2789 23
2968 3297 0
2643 2671 0
4085 3896 25
2316 5361 6
85 247 3
2918 3100 24
1701 1740 22
613 4496 4
708 711 8
2285 672 4
1408 1409 8
1919 1859 10
2003 1887 4
1995 4797 0
2176 2168 0
3794 3849 10
388 348 15
2193 546 1
1202 1268 1
79 84 21
3100 3048 26
4199 4200 24
3349 763 23
2853 3147 24
1363 4813 22
1907 1859 10
468 347 5
1849 1843 4
1956 4363 21
3251 3098 4
3945 4168 10
1596 1658 10
2040 4381 1
2176 1903 0
2092 1132 4
318 4283 1
3346 3185 1
3531 3448 4
1505 2014 4
3955 3938 4
191 174 4
4187 4175 6
2350 2313 14
1342 1512 12
480 4326 23
3655 6353 1
455 412 3
3220 3414 1
3729 3804 10
3196 3200 0
1549 1627 1
3644 3749 1
3798 6508 4
1087 1112 1
891 884 1
893 872 4
879 937 7
3463 3839 8
3010 3011 24
677 690 1
231 890 4
3446 3448 24
842 615 23
1321 957 1
642 4286 1
1715 1644 10
1940 1852 9
973 1134 1
4 428 1
1183 4733 4
4008 4159 1
1343 2188 0
2584 3147 1
600 497 4
3538 2052 26
2471 2839 1
2162 1670 23
1240 1153 15
1079 804 20
651 661 13
809 840 1
3147 5471 26
3475 5843 4
2489 2499 21
936 1134 1
3831 3838 0
3091 3046 4
1409 1581 4
1102 2262 1
2708 2605 1
2861 2971 0
2108 2122 21
644 4286 1
3064 3323 6
658 4488 4
1421 894 1
169 4307 9
2569 2733 4
3266 2663 6
1980 2026 13
744 837 1
1853 5020 3
3058 5953 8
2160 1933 3
3846 3888 10
3839 6531 14
952 4616 13
636 4504 1
1231 1396 2
3842 3736 0
621 4500 4
3442 3544 8
2580 5634 24
886 4595 1
4110 4109 24
1426 4553 31
3444 3440 26
1725 1672 1
1375 1374 6
3195 6077 1
3480 6346 8
593 200 5
1025 1514 4
2013 2050 1
2137 5297 1
3461 3443 4
2186 2176 10
4189 4226 0
2743 3147 24
3100 2683 26
164 1170 5
1173 2273 4
1252 228 14
3747 3732 8
1666 2429 4
3851 6314 8
1383 1441 22
560 4438 17
1551 4991 23
2631 5694 4
3434 6313 0
2740 5751 1
501 4406 13
2185 4824 23
991 901 3
2326 2325 8
1475 4957 2
3712 6479 1
1463 1369 4
3488 6348 3
3744 3729 0
2508 2509 3
1424 1432 1
1269 1251 4
330 339 1
2379 5456 6
3322 6172 4
2754 2776 1
2531 5589 4
4181 4154 6
1088 519 21
65 4260 4
2751 2693 11
155 167 13
1813 1921 1
1497 1230 4
521 707 14
3156 6049 1
3515 3494 4
1078 1127 3
3871 3850 4
3432 6311 1
3022 5928 4
45 77 1
854 810 15
732 209 4
3789 3757 26
1036 4555 1
145 92 0
560 4446 17
2378 1330 0
1669 1333 4
527 251 4
4184 4186 4
566 4473 4
3842 3737 0
3297 6009 1
1154 1013 7
847 660 15
1272 2135 0
1157 4723 13
2385 5458 4
2324 5387 6
258 101 4
1343 1508 12
2869 2846 6
2959 5888 20
1107 806 10
506 720 13
1364 1359 24
3891 3909 6
1625 1836 5
1946 2378 10
1536 630 1
453 647 3
2710 3111 3
2466 4579 6
1123 1308 0
2700 3174 6
3751 6486 1
1855 1143 15
4145 4146 3
1363 981 22
177 210 1
3147 2953 26
2632 2902 4
3092 3100 24
552 613 7
2261 2237 1
3147 2954 26
2148 2277 13
2497 2484 22
3158 6051 4
349 477 1
1498 4969 23
3354 2590 14
3769 3768 26
642 4509 1
3039 5941 6
1429 1403 0
1282 1258 4
3147 2951 26
3040 5943 4
3894 3792 5
1995 5225 0
1714 1793 13
2362 5409 1
3127 3682 1
2049 2027 4
2403 2456 1
2301 1689 26
3794 3777 10
1384 4850 4
284 4331 4
2476 2640 1
405 4330 14
1168 1461 3
1658 2175 0
3970 3760 6
2425 2383 3
2166 2341 13
3943 3941 6
3147 2721 1
512 501 4
3231 3335 6
3322 6202 1
642 4508 4
1051 4666 1
2062 1892 23
3456 3535 1
3868 3799 1
2311 2301 0
3941 6558 4
2892 2902 0
1147 949 1
3633 3792 1
4042 6536 10
746 4550 17
586 645 2
2746 5750 9
2301 5159 26
1190 1060 23
712 1079 4
968 992 1
2741 5769 1
1568 1490 15
444 461 1
1542 1543 0
3230 3138 6
611 4480 26
2735 5747 1
3433 6199 1
1619 1230 4
2378 4706 0
2979 5904 23
3968 3932 0
47 125 1
3801 4017 4
1035 1034 4
1785 2378 10
2984 3100 24
2569 5620 6
2658 2864 6
2247 5221 13
2240 2238 4
4100 4141 24
1959 2062 13
2853 2592 24
448 396 1
426 592 1
3767 3766 8
1098 726 8
3544 3704 0
2429 3209 22
1155 1252 1
1192 1188 1
4098 4082 6
3660 6455 4
3157 3145 1
2155 489 4
3499 3662 1
47 1506 1
1266 1855 21
3650 6449 6
2043 2050 1
1424 4933 1
226 753 4
137 150 4
829 774 4
1409 4861 5
2404 2493 24
2806 5806 23
3879 3870 5
1330 1593 1
1738 5091 4
3778 6497 4
1683 1748 1
1551 4079 1
1869 1819 6
196 601 9
823 1817 4
3285 6170 0
3402 6288 9
3397 3399 0
184 177 21
2686 2690 1
2241 2240 4
2429 2387 22
2814 5808 4
1581 825 1
836 2619 1
3728 3715 1
1884 5175 1
2378 1677 0
4210 3734 24
3250 6130 0
3046 5947 1
437 2094 26
3123 6017 6
1600 2173 1
3735 6485 10
4101 3127 4
1584 4330 3
3479 6345 10
3100 2886 26
3275 6160 1
30 128 4
427 4375 17
3967 6407 5
3391 6178 26
973 724 4
3396 6281 4
3888 3874 24
1405 1640 0
332 349 13
1409 4862 5
3839 3463 5
1912 2378 10
2529 2527 4
3867 6542 8
1936 2696 13
367 373 4
3147 2732 26
2762 5702 1
3556 6408 4
1703 1492 0
1794 5139 8
1512 1703 12
4137 4132 1
745 1353 4
785 790 22
893 894 1
3120 6015 8
3821 3927 24
1800 1773 4
3413 3414 9
4183 4180 6
652 1051 5
3635 3495 1
3312 6164 24
950 935 22
260 239 15
89 7 8
2635 5699 1
2848 3147 24
1376 1175 4
1855 805 4
1954 5203 4
1239 969 4
2685 3354 12
1644 1715 0
399 470 22
1388 1406 2
3818 6519 4
867 4587 4
686 528 1
1493 1183 1
1859 1871 0
4148 3613 24
1422 2578 4
411 424 11
42 4246 18
1981 4363 1
1702 1504 1
1330 1277 15
1669 1067 4
277 270 4
1969 1973 4
2648 3015 6
1255 969 4
2592 5651 26
2378 2626 0
3340 6215 13
1766 1726 3
2990 2992 0
3534 3773 4
173 318 4
3289 6174 9
2620 5686 4
1793 5137 5
145 165 0
1412 4866 4
1011 783 23
1152 4721 3
3121 6016 9
3559 3538 1
1748 5090 1
2589 3100 24
2859 3153 10
1976 5215 13
938 751 29
1401 1397 8
41 164 4
2985 5908 8
1855 1764 0
1784 5130 1
1813 689 1
3481 3480 26
3863 3880 24
2640 2510 9
1777 5122 10
493 495 6
2643 3147 24
182 188 18
741 795 1
1391 1384 4
2176 1889 0
2809 5807 1
2104 2155 13
3907 3896 0
2554 3147 4
3631 6439 4
2301 1768 22
2456 2439 1
1020 4647 4
3800 3791 1
2061 2052 1
3994 6195 1
669 1696 4
2170 5310 0
2706 5731 4
2798 2709 4
3383 5617 4
1107 4690 6
2378 5436 0
3722 3804 10
1129 4706 0
3473 6342 4
4071 4097 4
60 61 5
3800 3774 1
340 445 13
2445 5512 4
1081 4683 2
3522 6371 6
2463 2418 0
3929 3773 4
2101 2132 1
729 1187 1
2265 5350 4
916 893 4
214 360 1
2378 5450 4
572 573 3
1901 2176 10
3100 3067 26
3924 3882 5
4011 3996 5
1813 5142 26
1875 1753 3
1348 2205 1
560 4454 17
3023 5929 4
1996 4496 4
378 388 4
1166 1287 13
1244 1246 4
3857 4119 6
3022 5927 6
2425 2442 13
3982 3979 5
749 654 4
895 664 1
1958 1996 1
602 577 26
127 4288 13
222 225 20
1701 1452 1
1941 2040 13
605 911 2
2215 1527 1
1087 912 10
436 432 22
2547 2569 24
3739 3842 10
2480 5568 6
2718 3042 4
1265 1119 14
3147 2692 26
296 305 2
2123 5289 23
2378 5454 11
3009 3026 24
2301 5368 0
3048 3145 10
1573 1997 22
529 686 4
3030 5934 4
3074 3300 13
742 4547 1
1676 1971 1
1562 4998 8
3388 6272 1
177 190 1
55 4254 4
2471 2840 1
1395 1533 1
1858 1857 26
428 4 4
1950 2084 1
3827 6524 1
1424 4887 1
1424 4922 1
1424 4914 1
3243 3118 1
1045 4655 1
2568 5038 6
2946 5651 1
3899 6444 1
3304 6164 1
3383 6255 26
1520 1527 1
1585 2378 10
892 926 21
910 1011 4
272 178 4
2695 2741 4
3417 6296 1
3083 390 4
3607 6432 4
3809 3781 5
481 429 15
1003 4631 4
1626 1439 15
4019 4030 3
4175 4176 4
3448 3531 1
2975 2557 1
3573 3590 26
1974 5211 1
1094 982 15
2828 5816 10
2651 2649 26
136 4291 6
3145 5857 1
1745 5093 13
1759 1138 10
1799 399 0
1751 5095 10
3379 6251 4
2564 5617 4
2175 2222 0
2109 2082 0
1201 4748 6
1379 1380 22
2176 2234 0
2768 2803 18
3057 3406 1
2497 2486 22
1656 5043 1
2040 1834 4
1949 2138 0
1487 2369 10
1150 1154 3
3283 3049 1
3480 3471 5
3999 4000 8
1658 883 5
2868 5843 1
3218 5915 4
2028 5075 10
247 85 6
2338 1680 4
2811 2781 9
688 623 30
1569 2301 3
3786 6502 3
3839 6458 4
1053 4668 23
2378 5447 4
2272 1394 6
2781 2897 1
3972 3879 5
1492 4967 1
95 4280 4
2560 5615 4
3229 3337 4
3676 4159 5
2655 2582 1
2418 2498 21
2047 2037 10
3878 5561 10
673 719 2
2519 2656 3
2344 2276 6
1134 1179 1
3060 3064 1
408 191 24
3702 3701 1
3927 3838 4
2826 2924 1
2229 2228 6
1369 567 6
3988 3987 1
765 4559 23
3616 3575 26
1146 4717 1
961 894 1
2916 5869 4
3387 6215 4
4203 6597 26
3104 6005 4
1661 2378 10
2158 4959 1
2285 2301 24
2047 2045 10
1547 1712 3
2417 2388 22
3153 2370 4
3100 2630 26
619 1130 1
4196 4188 6
3243 3185 4
50 4249 2
3383 3369 26
3287 3345 1
3430 6309 8
462 473 1
2996 3100 24
304 289 15
4207 4138 0
3908 6549 0
2155 2111 4
1062 1006 1
2378 5428 0
2807 2378 10
2635 5701 1
3383 3226 26
1771 5112 4
2194 2301 24
817 816 21
254 92 4
2772 2766 1
2784 5796 6
3417 6201 4
1509 2085 21
2176 1926 0
3783 2429 6
568 4476 4
1506 1309 1
1221 1261 10
457 4381 13
896 1448 21
965 774 4
508 522 1
658 849 4
2129 1595 1
3904 3921 1
1369 941 1
120 1518 16
690 677 4
2338 1678 1
2791 2883 1
1675 2338 1
1949 5200 4
2249 891 21
2499 2466 22
3481 6323 26
2429 5534 1
798 738 1
3100 5985 26
560 4458 17
3234 6098 26
16 4232 8
3657 3840 26
1103 2109 1
787 1084 4
2955 2953 9
1574 5004 4
1735 4990 1
1124 978 0
3046 3091 1
2800 2711 23
2007 2646 4
2106 1887 23
486 79 6
1747 1748 1
1011 999 4
3147 2884 26
2076 2088 13
828 4321 1
3570 3569 1
1540 1489 6
253 234 1
1512 1496 0
2033 2353 3
1352 1450 1
1957 1951 1
398 333 0
687 4526 4
3064 3047 4
911 4599 12
1994 4722 13
927 4606 1
3110 6007 13
1595 5016 10
2378 2146 4
356 4359 4
1424 1410 1
2951 2913 4
2366 5416 1
2552 5606 1
3118 3207 4
642 629 1
4176 4187 1
253 345 1
1109 4693 1
1424 4903 1
891 698 15
3075 2796 4
4070 4030 3
1230 1603 1
1354 4820 2
2017 1861 1
3545 3526 24
84 4274 0
841 58 1
3004 3294 1
797 4574 1
172 171 4
1643 1571 4
3250 6116 0
2578 2827 4
90 488 1
4227 6601 24
425 4372 4
621 4499 15
2938 3147 24
2378 5440 0
1840 5153 3
3849 3937 0
3315 6192 1
402 621 13
202 2248 1
4011 4012 0
695 894 4
2670 5696 4
1887 2192 4
970 4620 4
1416 1530 0
3674 3673 5
3761 3750 10
1872 1790 0
3021 5923 22
3876 3946 3
2838 5822 14
1701 5073 1
3852 3848 5
841 859 4
1186 4740 5
2378 5449 4
2180 4797 1
4193 4118 3
3845 3524 25
2960 5892 4
3805 6407 1
3070 3100 24
74 4268 19
2200 2074 23
3856 4053 26
327 4345 4
1552 1830 1
2477 5564 4
2738 3147 24
3102 3873 1
1233 1855 1
1506 4557 1
1685 5064 1
1512 4980 0
3872 6543 3
144 40 10
1753 5100 12
2626 5692 4
2827 5815 1
2811 2770 4
1066 814 4
148 147 6
2593 5657 1
2619 5685 4
1855 5161 4
3243 6106 11
3795 6506 4
3472 3455 10
1062 1050 8
2775 5791 4
123 122 1
4011 4013 0
2811 2536 1
2069 5271 5
1996 5234 4
2016 5245 0
1136 1487 3
70 4263 17
1488 4965 13
74 4267 20
224 219 5
1701 1291 15
2177 2140 1
488 4391 1
1383 1446 22
1862 1859 10
3238 3249 1
2643 2490 6
779 655 23
709 4535 1
1079 4571 23
2900 5862 3
2740 5752 1
3098 3251 1
940 883 15
3290 6175 8
3300 6187 23
3151 3006 1
1399 1426 3
1563 1560 21
1909 5075 10
3414 3217 4
2204 5321 10
3488 3491 0
544 891 3
2102 2046 10
2842 5827 23
3632 6440 6
3530 6376 24
347 37 4
521 1140 3
2546 5605 3
973 988 1
1331 4797 13
1671 1662 8
3986 4003 8
2429 5500 22
2429 3192 22
3836 4095 4
2734 3402 8
1369 4839 1
2939 3100 24
100 4283 24
1719 1710 4
3841 3830 26
3383 6253 26
4224 4223 4
2344 905 6
3426 3410 25
4075 4106 26
3842 3738 0
735 676 23
4001 6574 10
3648 3619 1
3836 3787 0
1378 1115 6
1603 1594 1
1314 4806 4
3572 3594 4
3155 3366 3
2909 2705 1
2336 2339 10
48 141 4
1185 4553 31
1748 5063 4
3674 3579 0
818 931 10
269 4325 18
2665 2773 1
1831 1970 13
3839 6534 1
2740 5749 10
2139 2165 1
3968 3866 0
490 2285 1
3763 3602 6
489 4395 1
1024 1342 10
3834 6526 4
501 397 26
3708 3719 10
2449 5555 5
3156 6048 4
2727 2799 1
3176 6058 1
560 4439 17
3950 3928 5
1424 4900 1
353 348 15
3544 6401 4
2884 2794 4
2109 458 4
1226 1281 13
3788 3809 5
2688 5725 11
2499 2474 22
3692 6470 10
1658 2188 0
2301 5372 4
1798 1800 10
3123 6019 4
3559 5264 1
3073 3300 13
1183 4735 1
582 4482 4
282 354 19
1116 993 4
476 4386 1
1413 4868 17
3901 3902 8
3281 6163 10
3303 3314 1
3338 5217 4
3525 3506 10
424 409 9
1830 5147 6
1656 1618 4
592 230 1
1669 5055 4
56 70 7
2043 4707 1
2661 5714 1
3509 6339 0
3250 6118 0
264 2248 1
1967 2096 12
369 413 2
2762 5787 9
1825 4797 13
2429 5511 22
3975 3968 4
2966 3043 3
4097 4209 0
2578 5631 1
1365 1359 1
3175 2429 21
1187 1086 1
3401 3422 5
2347 5395 13
1703 2002 0
2000 4738 10
2527 5585 1
2601 2741 1
555 4381 1
3136 5406 1
3291 6175 8
3143 6036 4
608 497 4
3376 6008 3
1546 4990 1
1193 1938 2
1796 1763 10
1051 346 6
2396 5464 3
2057 2055 4
3638 6378 10
2127 1209 15
2791 2715 4
4083 6582 5
1408 4859 13
3010 3011 24
2070 2072 22
2773 3257 1
3616 3625 24
2464 2497 21
3250 6131 0
2130 3223 0
2931 5884 4
2607 2609 4
2374 5423 4
3264 3254 6
3147 2847 26
4004 3613 24
1424 4917 1
2839 2524 4
248 4323 1
2586 5637 4
2452 5559 1
1782 1762 22
2375 2376 11
1609 571 1
4117 6585 10
1225 1252 1
870 1148 1
3918 3971 24
1777 1731 11
3140 5800 4
2866 2429 21
672 4522 1
1292 4786 8
1341 2215 1
2635 5698 1
3501 3520 8
3419 3420 6
926 862 23
3856 6539 10
1944 2301 21
3157 6050 4
1708 1508 14
3839 6452 10
1855 1318 12
1256 969 4
2378 4565 0
2534 5592 15
146 4293 8
53 4253 17
3851 6537 8
2818 5810 1
3541 6389 4
1357 1340 1
2207 2206 0
2499 2467 22
1934 5074 23
3283 6166 1
1053 236 22
3522 6372 6
3147 2731 1
1339 1053 1
1492 871 4
2419 5483 1
82 1799 2
2938 2708 4
2896 3100 24
230 510 4
197 611 4
1050 4661 0
2862 2796 4
3245 3279 4
2619 4964 4
3230 3381 4
1963 1869 23
3802 6399 10
548 555 10
767 1130 11
3025 5931 4
4037 3925 3
1606 2765 6
1807 1868 10
3231 5863 18
2959 5889 4
987 980 23
4178 3957 1
3109 3339 4
406 425 1
3805 6511 10
4020 3993 1
842 162 26
1992 5224 0
3795 6505 4
410 621 24
3105 6006 18
3334 5776 4
613 4493 17
3785 3803 4
2822 2815 5
2431 3005 13
2526 5584 1
2712 2715 1
2003 5235 0
434 655 15
338 133 1
819 850 18
1371 1217 10
1142 832 4
3919 3913 6
1130 4710 23
2597 3100 24
3660 6456 4
2428 5493 1
1171 86 12
1903 1921 3
2625 2626 1
560 4440 17
1048 441 4
1660 4990 1
3661 6460 1
2532 2454 11
4063 4065 0
3804 3582 1
1691 2881 6
1552 4993 13
3860 3613 24
3051 2772 23
4191 6596 1
560 4467 17
3094 5980 13
3874 4076 26
1442 1383 21
3100 2991 26
43 84 1
3243 6080 10
1258 782 23
826 4580 1
3683 3699 26
2378 5443 0
2110 2138 13
3889 3874 24
3250 6124 0
4216 3966 24
3383 3214 26
3813 6517 1
116 115 8
2285 5358 6
1715 504 23
1229 1228 4
1842 1859 10
3403 3326 1
3815 3846 4
64 71 11
2163 1809 6
67 40 10
2608 2430 4
3137 3237 3
1634 5030 4
694 4527 1
2888 2914 13
2521 2520 0
1061 1161 4
2016 5246 4
1172 784 3
2501 5574 1
3808 3800 4
1424 4876 1
2259 5344 4
3316 5937 4
49 48 1
1424 4908 1
1186 4742 4
1153 1240 2
1544 1481 4
4165 4153 0
700 894 4
3516 3839 4
2935 3147 24
885 846 21
553 628 1
291 616 1
3125 3100 24
2873 5847 1
2541 5600 1
2844 2856 5
3880 3885 26
205 4313 3
2983 3100 1
2332 2043 4
2378 4822 4
3147 2919 26
1081 4421 4
830 399 21
2301 5371 4
4171 4207 1
2968 3113 10
711 584 15
4040 3862 1
4074 3777 3
57 4256 17
1891 1897 1
1223 1174 4
3357 6236 4
840 809 4
3100 2610 26
3458 6329 6
699 4530 4
1553 4994 4
215 1699 4
989 227 1
2759 5783 4
2301 1507 22
1424 4936 1
1555 4996 1
3544 6394 0
3837 3749 1
1428 1424 4
186 188 18
1349 4817 4
4064 4156 4
1841 2301 1
1637 1909 1
774 4564 1
2419 5480 6
327 4344 4
1309 4800 9
2263 5348 10
1470 4955 4
1334 1097 29
1716 2123 13
2167 5073 3
3052 5950 1
3721 3510 26
560 4444 17
3147 2567 26
2605 5672 1
3874 3883 26
2124 2128 1
198 747 1
3100 2908 26
144 134 15
1929 1447 23
579 2181 13
4074 4195 1
2167 5308 29
2380 2730 4
2425 2390 1
1296 1286 4
3792 3920 8
1055 1164 3
327 4346 4
388 4354 15
1652 1479 4
3741 3625 24
1451 4814 4
3727 3710 10
3093 3055 4
2797 5355 4
3082 3091 4
847 124 1
2592 2947 26
3660 6453 4
245 260 4
597 4490 12
1848 1272 10
2652 5710 10
1068 1239 1
2429 2747 22
368 767 4
3726 3606 5
2783 5795 1
3383 3187 26
2029 4733 13
1483 4960 2
1743 4984 1
1863 1753 21
2738 5748 10
339 4352 10
1182 4730 1
3994 4045 1
2347 5397 13
3655 6353 3
3797 6507 8
4089 5399 4
3147 6039 26
2936 2948 11
454 393 6
2052 5076 4
3574 3520 5
3531 6377 4
3100 2629 26
80 1549 4
1751 5085 10
306 598 4
1419 1405 10
1981 4977 13
3953 3952 26
2480 2437 23
1424 4921 1
1906 1822 23
2873 5846 4
3596 3498 5
27 164 1
1895 1894 3
3266 6152 1
2790 3147 24
3448 6322 1
2718 1720 1
324 313 0
3832 6496 0
4097 4084 4
179 4286 1
3383 6259 26
1117 4695 6
2587 5643 3
46 84 4
1608 1715 13
1469 4953 4
298 611 24
1424 4915 1
813 986 22
3100 2918 26
93 0 10
4124 4126 5
1200 4745 29
2455 3578 4
3589 6422 25
1882 1871 25
2605 2894 4
294 577 4
1328 1855 1
2584 2644 4
4182 6594 1
4166 4213 6
3507 3506 10
3243 6104 8
1428 4920 4
1166 1319 1
2622 5688 5
1175 1158 3
725 4540 17
2301 5369 0
2339 5392 13
2879 1779 4
634 110 15
2789 2971 13
3592 3583 1
3102 6000 4
1178 3077 2
2429 5510 22
3344 3301 1
2499 2488 22
1530 962 22
3960 6565 4
169 4305 13
2460 5561 10
1898 2378 10
2741 4846 4
3290 3085 0
578 477 14
4160 4013 0
2521 2523 0
1013 4282 17
1369 710 4
889 4381 21
620 423 4
2266 5351 26
2436 5545 1
1899 1937 3
2040 5150 6
560 4449 17
318 319 1
1646 4965 1
4116 4084 3
3539 3538 4
1107 4692 4
1742 2059 1
4094 4211 3
1571 5003 0
2437 5546 1
1381 4847 4
1856 1858 24
2138 2284 13
2745 3147 24
804 1079 20
2640 5704 1
1550 1656 0
1855 29 23
187 188 18
3203 3293 1
3115 3109 1
3917 4148 8
1120 1698 4
3352 3383 1
2301 5155 3
3251 3096 26
3402 6285 6
4034 4063 1
3402 6287 9
560 4463 17
2107 1929 3
2199 2238 0
3597 6425 1
2627 5693 5
3100 3134 26
3931 3947 10
2386 5459 4
98 4267 15
2621 2647 13
3467 6337 1
778 777 5
711 708 5
873 994 3
2305 2315 3
1459 525 4
747 569 15
3010 3000 14
2619 2612 10
1772 4522 0
2034 5253 23
3326 3377 4
1083 1123 24
2528 2524 3
1855 1567 22
87 128 4
1006 939 4
2761 5784 10
1042 1048 2
54 1793 4
3644 3837 10
1918 5183 4
756 957 13
359 1320 3
2560 2641 4
327 314 4
2429 5535 1
3166 3163 1
111 4285 1
2232 4544 1
242 216 4
874 4589 4
4052 4030 8
1826 1754 4
2079 5275 1
1909 1473 15
4062 6580 1
3829 3819 6
3344 6223 1
1402 1546 4
114 115 5
3205 3100 24
2109 2081 0
2957 3147 24
3425 6303 5
3414 6200 1
2586 5065 4
1779 5125 1
3612 6433 1
2668 3147 24
1700 1753 21
721 4381 3
84 4272 0
1023 934 14
1240 4358 2
3019 3021 21
1877 5172 10
2378 3034 4
948 4614 4
2530 5586 6
1366 4825 2
500 1784 1
1073 4674 1
2170 2252 18
2355 2031 23
1526 4984 14
2168 2176 10
3667 3565 1
3544 6392 0
167 4304 4
2429 5522 26
581 4481 4
2697 2825 10
549 505 15
2184 2180 1
2553 5608 1
1522 4983 4
3468 6338 10
1506 1101 15
1219 1216 1
2587 2929 1
1127 4703 22
3109 3107 4
3128 6028 1
2793 5355 4
383 4325 0
2097 1333 5
3699 3695 4
680 763 1
4159 4008 4
3100 5987 26
3540 3552 8
1704 5076 4
1021 976 1
1079 781 4
2001 4229 3
3265 6149 4
2971 3222 4
1613 2429 0
438 477 6
2971 2824 11
2248 1615 4
3882 6546 4
1211 4751 2
430 488 4
2155 5305 4
1657 5044 4
3402 5414 9
4059 4010 0
2530 5587 4
2146 2224 3
3544 6397 5
3363 3332 4
388 4368 4
3822 6522 8
1409 4863 5
2462 2498 21
3833 6525 26
1212 1339 4
1907 1898 22
1940 1914 9
3147 2944 26
2176 2159 0
3425 6302 8
4222 4225 3
494 540 13
213 593 9
1734 5085 8
399 404 26
399 129 15
3689 3927 5
2378 5451 4
2141 2147 1
1558 1561 1
1313 2117 1
2780 3147 24
2319 2183 9
3345 6227 1
3347 3363 1
3342 6218 4
973 936 4
46 132 1
3877 3875 0
3274 6159 1
3411 3412 6
164 691 4
1247 1844 4
3127 6025 1
2494 2500 26
3609 3613 8
2046 5257 1
2741 5763 4
349 336 25
926 532 4
3204 3383 24
1815 1935 6
1123 4699 4
2011 5159 1
3880 6544 23
866 852 22
1922 5185 1
3109 3108 4
3486 2368 4
1249 1377 4
1611 5011 23
1103 1100 1
3631 5388 4
775 785 21
3436 3404 1
102 84 10
2378 2022 4
2638 2651 4
1426 4939 23
3237 2832 4
3126 3122 1
2429 5516 3
463 615 1
3753 3779 0
1201 2286 6
2363 5410 4
2200 5318 4
2459 4565 4
4207 6598 10
1140 4714 1
3402 6284 6
2767 5789 6
2397 5465 22
1519 4711 4
21 4236 1
2734 2744 10
1218 1258 2
1537 4988 4
973 972 0
1181 1506 0
1227 1224 8
2895 2383 5
2517 2386 1
1424 4919 1
565 566 7
911 4326 23
556 203 4
743 854 1
3839 3558 5
858 859 6
838 917 2
646 690 13
3347 4648 4
1516 1777 2
3383 6264 1
3244 6107 24
2429 5540 1
762 1053 4
2358 2331 6
3151 2995 1
3544 6400 4
3746 6397 5
3829 3864 10
1042 684 4
2619 5684 6
3218 3002 0
3147 6038 26
2815 2829 4
3997 4014 6
3311 6190 1
3453 6325 8
232 260 4
853 719 3
2093 2301 1
2805 5806 6
1787 5122 9
1840 5152 23
1670 2162 13
1887 1816 12
618 631 29
3812 4017 5
899 342 4
3189 3243 1
1151 4720 0
2364 5413 4
2302 2289 5
3820 6521 1
2588 5218 24
2143 1669 1
3297 3296 10
3805 6515 1
1725 5084 1
1424 4928 1
2431 2539 3
1179 1139 15
3400 6116 4
3392 6276 4
1665 5050 1
317 515 2
2696 2701 3
3884 3874 24
577 599 9
3676 3529 4
1378 1114 6
1887 1823 10
2809 2817 4
315 327 1
3284 6169 8
1852 1914 9
1137 4712 4
1987 5223 4
1778 5123 6
1972 2301 24
3696 6472 4
3791 6504 14
865 820 25
3725 3731 1
589 648 1
292 1099 3
3344 3305 4
4058 4057 10
649 4510 23
3142 6035 10
2195 2301 24
1013 1096 17
1740 1567 1
3639 3619 1
103 39 4
4010 4029 26
150 4296 4
3383 6257 26
533 4418 12
2957 2956 9
2035 2086 1
2038 5244 4
3025 5930 6
2605 5671 1
4136 4038 26
863 1124 13
1870 4495 21
1839 2023 4
1964 5209 4
4159 6590 1
38 40 10
1424 4909 1
3516 3513 4
3169 3133 23
3435 6171 12
459 2192 10
3759 3806 4
3239 3383 24
3250 6123 0
536 4421 13
3544 6398 5
3977 3968 4
2819 5811 4
1530 945 15
3173 2570 1
375 726 12
1445 1383 21
4221 4208 3
3177 6059 4
3196 6078 9
3293 3201 4
2633 4859 3
2605 5668 4
2480 2457 4
1180 4228 0
2157 1989 4
3102 6002 1
3511 6366 3
2671 2905 1
2667 3147 4
84 106 0
3383 3228 26
2885 5855 4
1322 1303 15
2804 4537 1
2319 2320 23
1401 1336 1
3849 3811 0
2782 2579 23
3794 3765 0
140 40 10
276 281 1
1367 1359 21
2060 2085 8
98 4266 15
551 562 2
417 398 10
1076 871 4
1052 100 21
491 538 2
2452 5558 10
2207 2304 1
2619 5683 10
2841 5824 8
84 4276 0
3914 3910 24
1341 1254 15
4202 4204 6
3106 3109 9
3961 6566 4
12 4231 1
3481 6352 26
1916 1915 4
1684 1858 0
2147 4629 4
3358 6237 1
2298 2889 6
3415 3368 1
3659 6451 1
1581 5009 4
1430 4941 6
1177 1090 4
2965 2891 6
40 4243 0
2561 2392 1
4069 4076 5
2131 2225 4
2174 274 4
1149 4719 3
3874 3858 0
493 4397 13
2378 5446 5
2499 2489 22
389 66 15
2741 2545 4
915 4600 1
3721 6482 8
1973 5210 4
1873 5169 1
3130 2854 10
1996 5227 4
1640 5031 23
3128 6026 4
2950 3147 24
3905 3958 8
1051 4667 1
3938 3955 1
2741 5755 26
2250 5335 1
3283 4739 1
1698 1015 4
2118 5073 13
1311 4803 1
1923 1620 3
233 394 12
2604 2672 1
59 4258 1
3220 6091 1
2059 2095 4
9 16 6
3383 3224 26
162 159 4
2008 2330 1
2309 2189 4
2378 1122 0
3418 3423 13
3625 3623 0
3458 6327 26
1506 4818 10
17 4233 9
3841 3828 26
3202 3100 24
3911 3650 4
607 609 11
3100 5999 1
2479 3715 3
3890 3839 4
780 1064 13
471 466 4
1132 2092 1
57 4255 17
1506 4976 1
237 1053 21
3407 6290 4
108 131 1
504 1131 13
2676 5719 13
3065 5957 4
359 4361 3
2559 5613 3
585 547 29
3637 3649 24
315 627 13
2708 5735 10
1431 258 21
1681 2338 1
3147 2698 4
3250 6115 0
1632 1010 4
2499 2475 22
2253 4797 0
1379 1361 22
88 132 2
2668 5715 1
4071 6033 23
1195 1118 4
535 4419 4
3462 2605 1
3186 3100 24
3099 5982 13
1720 5083 4
530 595 1
2367 5417 3
1138 4713 4
2262 1102 4
2849 5833 4
1666 5051 1
3625 3608 26
1663 1289 6
1883 5173 13
2319 5384 3
2860 3153 10
1195 1477 1
2951 2934 9
107 15 6
1220 1232 2
2811 3080 13
566 4316 17
3836 6530 26
3100 5984 8
206 152 1
40 4241 0
2963 3100 24
3486 6354 22
3371 3370 11
640 4286 1
891 1005 22
422 725 12
450 449 9
2378 5431 0
2590 5646 23
1013 4642 17
2429 5503 22
24 4237 4
510 465 23
2032 2019 23
1763 5108 0
339 4350 5
2070 2071 22
2603 2378 10
3798 6508 4
2450 5557 1
2737 2938 1
2080 5276 1
40 4245 4
2650 2651 24
1751 5098 1
2093 5070 14
2429 5538 1
3357 6238 1
1273 4553 31
2077 4959 13
3934 6554 5
168 180 1
1617 1639 3
364 4364 4
1694 1910 13
1502 2192 3
3019 5925 8
1468 2097 1
2382 2381 6
770 1310 4
3668 6421 4
2 34 2
3091 5978 4
3068 3100 24
3949 6324 8
258 51 8
4047 3482 26
1599 5021 13
4152 4172 4
1709 2378 10
3935 3732 8
3223 6093 1
1746 2176 10
204 201 4
682 876 2
872 827 10
946 4235 3
4026 4025 1
524 763 6
2453 5486 1
3862 6541 1
1530 244 4
258 4324 23
1751 5088 1
1074 2088 21
2024 2063 13
474 420 12
2873 5849 1
1874 2171 0
2242 2221 3
2362 5408 1
2378 5444 26
3317 6195 1
1112 672 4
2555 3100 24
1160 1535 4
2704 2672 4
3618 3577 1
703 740 3
2617 5680 4
3470 6340 5
240 183 15
2429 3035 3
1424 4892 1
3243 6105 6
3073 5964 1
1661 5045 10
2201 4797 0
399 263 15
267 229 4
1234 1929 13
361 4349 4
3099 5983 4
2741 5767 1
716 472 4
2550 5579 24
4032 4005 1
1545 1319 4
1051 4298 7
1728 1482 23
3173 5439 14
3349 635 14
1091 1092 11
1304 1500 13
2930 5882 3
1907 990 1
419 418 3
1688 5065 1
707 199 1
220 4316 1
602 591 26
3437 6316 6
2761 2760 0
2598 5664 6
149 4295 4
692 706 3
2165 2142 26
1440 1383 21
1359 1337 22
2497 2485 22
2722 5741 3
1013 4643 17
596 1079 13
3544 6393 0
1688 4650 4
2429 5527 4
2219 1849 25
2898 5858 8
339 4351 5
1947 1946 1
860 4585 15
3262 4805 1
704 4532 23
1723 2059 24
1372 4698 1
1121 2378 10
3195 6073 26
2861 2778 8
1116 979 15
2137 5298 1
1453 4946 1
611 4479 26
1422 974 23
2085 4404 8
1424 4937 1
3147 2739 26
954 4617 1
1245 4755 1
2458 2614 1
2941 3311 1
2873 5848 1
2581 2758 3
2267 2268 18
641 4507 25
1920 2084 13
1878 1879 1
1500 4971 1
884 891 4
2406 5472 4
736 4469 3
3062 3100 24
3128 6030 1
1316 4809 1
2823 5814 1
3100 5993 26
1252 4759 23
2705 5730 23
3712 6478 1
1373 4844 1
1006 959 22
3288 6172 13
2378 1576 0
2150 5302 4
2226 4544 13
3100 2978 26
3489 6332 8
212 593 9
3976 3984 5
1996 5228 4
1859 1591 1
1046 1048 9
3624 3630 4
1006 953 15
1827 5067 3
2398 5466 6
3217 6088 10
480 474 15
1424 4896 1
2795 5355 4
3869 3628 1
2220 2124 1
3324 6206 0
2423 2433 1
3091 5979 1
1855 5164 1
407 668 4
3360 6241 1
2561 2393 1
1184 1144 1
1051 259 6
1433 4943 1
3242 6103 1
3834 6529 1
3343 2562 6
448 4378 23
776 4354 15
275 4327 3
3600 6428 4
1583 1611 13
3136 6034 6
2379 5455 6
1922 5184 4
4147 6588 4
1739 4358 1
3896 4085 18
1752 5099 1
1409 4865 4
3419 6298 4
3334 6212 10
446 561 3
1732 2176 10
2499 2461 22
2741 5768 1
2605 5669 4
3805 3514 4
3072 5960 1
1151 1163 0
3063 2413 6
2594 2807 4
4157 4201 6
1784 118 4
933 4608 1
3351 6232 6
938 4609 15
3028 5933 8
227 243 4
560 4453 17
2774 2639 4
1436 2325 13
764 731 1
3031 2429 21
650 4514 1
1486 1503 13
3605 3670 24
1082 4685 4
2061 5263 6
2420 5485 23
153 595 1
1200 4746 1
3005 5914 1
909 936 6
4125 4087 4
4182 6592 10
1056 1116 10
3147 2769 26
861 478 4
3313 3321 5
1531 1646 9
3256 6142 26
3147 2728 1
657 718 1
1011 4635 10
3503 3500 1
3431 6310 1
624 490 4
2181 5214 10
2412 5474 11
1236 1259 1
2993 5679 21
3374 3382 3
286 1382 1
1049 4659 1
2347 5398 1
3677 6466 10
2801 2971 1
72 75 7
350 332 23
2595 5663 4
3304 6188 4
40 4242 0
924 920 4
1413 4867 15
248 4322 10
2007 1471 1
1464 4950 15
3116 3170 3
3065 5956 4
2113 2109 10
2429 5499 22
3018 3041 4
714 631 29
2541 5599 11
1983 1496 24
1210 1194 1
1427 1560 21
1622 5027 3
3571 3550 26
3839 4198 1
2937 3147 24
2006 5239 12
1407 2026 1
246 249 7
2014 1505 1
2499 2482 22
3131 3404 1
1781 1745 5
1883 5174 4
2059 1724 26
533 963 3
3676 6465 4
3742 3929 1
4167 4108 4
1789 2044 1
752 774 4
2190 4544 13
3182 3631 6
1905 1715 3
2399 5467 10
1135 4358 4
867 1241 4
3162 3383 24
1594 1528 1
1027 925 4
1314 977 4
2252 4382 4
2056 1945 6
3344 6221 9
3119 6010 1
3414 2585 1
334 325 4
911 1293 1
2378 1165 4
431 454 21
2679 3100 24
1615 1351 5
1424 4893 1
1494 1499 18
475 495 4
2028 1833 6
3298 3246 1
3668 6464 3
2816 5809 6
1686 4358 1
3390 6274 1
3159 3150 1
2548 5579 24
560 4430 17
1095 1330 12
174 4283 1
3740 3842 10
2897 5856 4
772 688 30
560 4461 17
3250 6122 0
3297 6181 0
3290 6176 4
3586 6418 10
1450 1605 12
3627 3636 1
2666 2678 4
1648 4733 4
2885 3054 1
2507 2766 3
3063 5441 6
3056 5951 3
1272 1271 0
2085 839 4
3522 3523 10
771 552 1
2209 2219 4
3448 3446 26
3859 3858 10
2403 2434 1
1118 371 1
2513 2455 1
1755 2176 10
1690 5066 8
1814 5144 8
1805 1814 1
1248 4756 15
488 503 6
842 4583 23
746 4552 17
1272 4774 0
290 295 5
3642 6349 1
2979 3008 6
3383 3219 26
3119 6011 1
560 4434 17
1776 5121 12
2851 3147 24
2756 2757 10
2660 2636 4
560 4448 17
3477 3478 26
2560 5614 4
83 354 1
189 250 1
1437 1426 3
94 91 3
1108 1487 13
3881 6380 6
3439 3444 4
1715 5014 10
1674 5058 4
3132 6032 4
2762 5425 9
2367 5418 1
3849 3793 0
542 4424 1
2141 1511 14
3805 6510 8
1370 4843 6
3807 6516 6
4042 6579 10
2407 2498 21
1300 4789 1
1014 1487 14
299 311 2
1771 5111 4
566 4472 17
2534 1780 4
1505 4973 15
1492 4966 0
1784 5132 1
744 25 1
1962 1338 23
3101 3076 1
2833 3100 24
3195 6074 4
1424 4930 1
2051 2040 1
2165 5307 13
1658 1596 0
2196 2301 24
3652 3707 4
3448 3923 1
3949 6562 1
3782 3764 4
911 907 10
1272 3295 0
2006 5237 4
2868 5842 1
2301 1770 22
834 888 13
3706 3603 1
3802 3745 1
2641 5705 4
163 157 23
2429 5501 22
3980 6570 10
2492 2656 1
1056 1057 4
3310 3309 0
3171 3100 24
2429 3654 1
1597 5017 4
206 4314 4
3384 6266 13
2378 5427 0
2345 5307 10
2371 5409 4
257 354 4
1058 1057 4
3993 6573 1
2932 3147 24
3310 5736 9
875 357 4
969 1028 1
256 3045 1
2429 5523 26
2835 3088 4
913 730 15
40 156 0
3930 3936 8
3762 3669 6
2746 2677 23
3959 3951 1
2926 5879 4
1405 4856 0
488 4394 1
2213 5324 1
1015 22 0
191 139 15
3184 6063 8
707 4534 1
3188 6064 25
1501 4972 1
1272 4773 0
2161 5306 26
3147 2749 26
1272 4558 0
2456 5196 1
2378 5453 1
919 909 10
526 4415 4
789 4570 10
1741 2277 13
3839 3557 5
1393 1386 5
443 539 9
280 502 2
2017 1845 23
33 125 2
701 741 1
3839 4131 4
1431 4942 4
1327 4811 21
2618 5681 4
2926 5880 1
507 515 21
460 510 1
967 968 2
843 4359 3
2965 5896 4
3965 3903 3
1347 4815 1
2916 5868 4
587 907 2
2838 5823 14
3458 6328 26
1956 5204 6
3838 3831 10
3685 3686 3
767 379 15
983 1663 1
722 4537 3
1572 1834 1
3069 3100 24
2741 5758 4
1272 1864 0
11 164 4
1325 1530 21
2378 5430 0
3161 6052 1
2723 5742 12
1438 1663 1
62 4259 1
750 1149 4
1424 4924 1
560 4464 17
779 4567 10
1597 5019 1
3504 3597 10
3816 6518 1
2755 5780 10
4105 6584 4
1262 1298 2
2419 5481 1
512 442 4
793 1009 12
560 4437 17
1161 1417 4
2578 5627 4
1369 4835 1
3937 6555 8
170 105 6
3042 2923 9
3398 5970 4
1565 5000 4
2078 5274 3
583 4280 4
1392 1393 8
2028 1838 23
1302 4791 10
1472 4776 10
1033 1034 0
412 455 6
1697 2176 0
2243 4960 1
1565 5001 1
418 142 8
3167 6055 10
3278 6162 10
4142 4092 26
2637 2651 4
2625 5691 1
3475 5843 24
2020 2010 4
3119 6012 1
717 770 1
1141 4715 1
3250 6111 0
3562 3568 4
151 4298 3
467 448 3
1460 4949 1
3250 6138 4
1111 975 4
3215 6085 1
3625 3617 26
1004 4632 1
3481 6347 26
2995 3329 1
3839 6533 1
1123 1360 26
733 2182 1
1792 5136 4
3409 6291 8
2127 5295 1
2635 2870 1
4127 4114 0
3670 3584 26
2583 5424 3
944 4613 13
3572 6414 1
377 4366 8
2479 5565 6
3307 6189 3
3338 803 4
3038 4738 10
546 4425 4
739 869 3
3839 3532 0
3684 4174 4
440 477 6
1759 5102 1
110 135 13
543 4381 0
1406 1398 10
2429 5524 6
785 902 22
1780 5127 1
1127 4702 22
1093 4630 1
3760 6492 1
2301 4727 4
1037 1048 9
4081 4077 1
4159 6359 24
3853 3854 3
1645 5008 4
124 4287 4
1623 1695 1
2314 5361 3
1048 4657 15
3434 3373 4
1355 4821 1
564 615 1
1243 1128 23
2432 5541 1
811 4359 10
3414 6294 4
2532 5590 1
2493 2405 26
476 4385 4
2084 1896 23
1160 4725 1
2454 2451 9
3064 3059 1
1993 2033 3
2406 5471 24
2828 5817 10
3167 3168 12
3825 3835 5
3610 3645 3
3147 2673 23
2626 5690 4
1352 4819 4
1369 4834 1
255 257 4
3839 3542 5
1113 1287 1
567 4474 4
2123 5292 4
322 1053 1
3758 6491 5
3462 6333 1
2540 5596 10
3598 6426 10
1345 1133 6
4214 4210 4
2429 5536 1
1252 4761 10
2429 5498 22
3865 3884 18
1323 1324 5
1912 5182 4
217 1165 4
2429 5507 22
812 1343 1
241 249 7
3323 6205 4
2011 5241 26
3183 3100 24
1326 4810 1
2378 1513 1
1423 1344 6
707 326 23
193 100 21
848 791 1
3051 5948 4
454 4337 4
1683 5061 1
2971 5898 9
2686 5724 4
1721 4424 1
4114 4115 24
1793 5138 1
2347 2343 4
1812 1272 10
2586 5640 4
697 1130 0
2438 5547 4
1947 3061 12
1229 1198 6
3215 6086 1
3112 6009 10
1053 235 22
1392 4852 13
4107 4118 0
2746 5774 10
2540 5597 10
3221 3383 24
2034 1524 23
2881 2880 1
1411 1424 4
2340 5393 9
358 285 15
2931 5883 6
1776 5119 10
2640 5703 1
3250 6137 10
998 1022 1
2236 5075 10
2923 5871 1
3561 6409 4
2787 5799 6
3247 3269 26
3649 3647 0
2288 1653 4
3544 6391 8
2958 5887 4
670 674 1
1424 4934 1
2575 5624 23
2218 2216 0
2491 5569 4
1521 4983 0
3321 3292 10
2718 2591 1
3102 6001 4
10 560 7
4056 4015 10
4205 4206 3
1656 5040 23
3129 6031 25
2378 5448 4
918 126 4
3298 6184 4
3621 4830 6
4129 4130 0
3343 6219 6
2543 5603 1
1280 4339 1
447 339 1
334 161 4
1257 4424 2
3306 3312 1
3533 6379 4
1745 5092 3
2909 2921 4
1085 4687 3
2083 1744 23
4048 4035 4
937 879 17
4068 4055 0
1867 5166 4
577 4478 1
3387 3372 4
1526 4985 1
2105 3273 4
3308 6164 24
208 704 4
1258 4764 4
3384 6268 4
1007 1024 1
2313 1930 4
3383 6263 1
1928 5189 4
3411 6293 1
1818 5123 1
1183 4732 4
4134 3988 24
2498 2410 22
1624 5028 6
2704 2662 1
3147 2736 26
1491 1484 15
1986 2233 3
2980 3100 24
2798 2812 22
300 1285 12
2855 3363 1
1044 1037 15
3451 3454 4
3586 6419 1
759 639 6
2099 2113 3
1580 5008 4
2446 5553 4
1775 1309 4
2172 2059 3
3956 3900 24
374 273 4
97 278 2
230 218 6
3211 6084 18
2275 5355 4
3895 3968 24
1019 4646 4
668 4519 1
3915 3963 4
4051 4064 4
794 1079 1
3128 6027 1
575 452 1
3839 3564 5
4218 6600 6
1715 1655 0
4033 4049 1
1251 1250 4
1763 5105 0
2157 2042 23
3671 3754 1
1713 5081 6
510 387 1
2121 1242 1
3030 3024 1
3682 3672 5
702 4531 4
1013 4637 17
2288 2287 1
2703 2972 3
2067 5268 13
2624 2577 6
762 1104 4
2887 2883 1
1978 5219 6
617 4498 1
1274 4776 2
588 4485 23
4040 6445 1
4066 4136 18
2514 5581 4
515 4410 15
611 4491 16
3717 3713 4
2906 2903 23
511 547 6
3518 3465 0
347 2576 1
2183 2164 23
754 755 29
479 4387 4
757 773 0
3031 5935 1
3432 6312 1
2362 5407 4
3770 3790 1
3771 3772 1
1134 1321 1
3486 6356 1
1771 5116 4
1906 5178 4
1936 5192 4
2533 5591 23
2922 5873 1
693 4526 4
1424 4912 1
1304 4795 1
3149 6046 1
3389 6273 1
2555 5609 4
2085 5278 23
301 4337 4
3195 6071 26
2395 5463 4
2549 3345 3
1013 4645 17
309 306 1
3459 6331 4
2563 2565 4
730 679 29
2541 5598 11
1267 4767 1
3957 3964 4
1942 5195 0
3147 2792 26
3393 6278 1
3100 3160 26
3302 2429 4
2299 4544 8
2123 5291 4
2260 5347 6
2220 5325 13
1722 1759 1
4133 4169 6
2499 2483 22
2302 2321 4
2429 5495 22
3843 3844 8
2034 5254 1
2223 2238 3
1804 2378 1
1854 635 14
3688 3667 6
2594 5659 4
3170 6056 8
1106 1101 6
1027 914 4
498 4402 4
3351 6234 12
2284 5300 23
3208 3013 23
3248 6060 3
1053 4669 10
104 54 1
1075 4677 1
2752 5776 3
1335 2301 13
354 4356 8
932 930 4
3268 6153 6
2616 5679 21
693 386 4
3984 3981 0
3218 3032 4
841 4582 1
2130 2116 23
35 4228 16
2187 4553 31
650 4511 10
2714 5737 1
3072 5961 1
3361 6243 26
3558 3581 1
638 4505 13
1183 4734 4
96 4281 8
1996 5230 4
555 537 4
2035 2091 21
3044 5945 1
111 864 6
1888 4848 4
2804 5805 6
2155 5284 23
2200 5316 4
1473 4311 1
2495 5572 1
1283 1237 23
1597 5018 4
1279 1341 0
2200 1791 10
2377 5426 1
540 4423 4
2378 2596 0
3469 6339 4
3147 2600 1
1370 4842 3
799 900 2
3955 3855 10
2899 5860 1
2836 5820 1
2068 5269 8
1063 969 4
1698 5071 1
560 4460 17
2372 5420 23
3634 6443 4
3317 6198 1
2193 5314 1
414 424 11
2371 5419 1
2933 2948 11
2952 2602 23
1294 1701 1
2073 2036 3
2337 5391 3
1859 1919 0
2026 5248 12
969 1077 1
1208 4375 6
1130 4521 0
3954 6563 4
2813 2798 21
3147 2865 26
1272 4771 0
1808 1795 4
2748 5661 4
1043 981 4
2718 2779 4
3144 6037 14
3250 6117 0
2875 3241 1
2256 2254 4
1305 4796 23
3016 2365 26
560 4455 17
1253 4763 1
2885 5853 23
1127 4704 0
2821 2971 1
303 4338 4
1222 1261 6
3450 3448 24
84 4271 0
2478 2512 4
3814 3826 1
1050 929 6
1366 4828 1
2651 5709 4
2906 2927 4
1975 4797 0
1424 4881 1
3927 3693 4
2843 5830 6
3755 3730 24
2642 2684 1
3834 6527 1
68 556 1
3325 6107 24
3117 3147 14
1532 1149 1
4168 3945 0
1071 4673 1
339 329 5
485 4389 8
1957 5207 12
966 1127 2
3014 5920 1
50 4250 19
3629 6437 1
3733 3751 1
3887 6446 1
1763 5106 0
2071 5272 13
1656 5042 4
2303 5378 4
1295 1329 6
494 4398 24
2103 5283 3
363 362 6
3073 5963 23
785 769 8
2059 1991 26
1029 4650 1
1332 4812 13
2011 5242 1
1129 4708 1
2301 5366 23
2924 5876 10
2655 5570 1
3718 6480 8
1541 4989 1
558 4429 1
228 376 3
2151 2147 4
2316 5361 12
283 318 1
3493 3556 10
1382 4849 4
2716 3173 3
2227 4544 1
796 4573 8
1701 5072 1
3644 6447 1
2831 5819 1
2306 5381 4
264 262 4
2414 2598 1
2924 5875 10
2291 5360 23
1353 748 4
1302 4792 1
2480 2447 4
1424 4875 1
911 4598 22
1079 4682 1
2311 1718 6
3429 2992 4
1909 1638 10
681 1207 1
767 4560 1
3299 6186 10
3297 6183 1
1911 1907 1
1942 1999 6
2066 5267 5
4041 3994 24
1059 1658 8
3790 6503 4
3356 6216 4
38 4240 17
3255 2925 1
2879 2411 6
3922 3942 4
2719 5740 13
1860 2254 4
1676 5059 1
2057 5260 13
1252 4760 23
2322 5386 3
3410 6292 6
2098 2329 3
3141 3434 10
1177 1264 4
3457 6326 4
276 292 27
2429 5539 1
3236 3381 1
3104 6004 4
1859 1931 0
2179 5269 10
2705 2481 23
327 4347 4
3103 5843 3
2901 5863 18
102 28 3
3543 3597 24
715 4536 1
2707 2522 23
2424 5489 1
2424 5488 3
3681 6468 4
1281 4780 12
523 4381 2
1963 5208 1
3008 2890 26
1263 1227 5
3805 6514 4
3147 2945 26
4016 4010 24
3100 2687 26
2149 2176 10
622 632 4
2333 5388 1
1424 4918 1
1505 4975 4
2429 5505 22
2429 5508 22
1956 5205 4
2764 5788 1
1235 969 4
3250 5648 4
2634 5697 4
27 32 12
403 4283 1
1868 1866 5
2754 1810 1
992 4626 1
1525 2215 4
1466 4952 4
860 4586 2
2301 5370 6
2593 5653 1
1483 4961 1
1517 4982 9
1312 4804 3
2940 2969 1
3687 3697 3
1929 5190 23
3071 5959 4
2642 3277 1
1260 527 1
1161 1278 4
2009 5235 4
2278 5269 10
2378 1733 0
3927 6552 1
2018 2157 0
1305 1238 23
4073 6535 1
3691 6469 0
2886 2874 1
2036 5048 3
2989 5913 1
3348 6229 4
1523 1966 3
2429 5519 3
1174 4728 1
3416 6295 8
164 4301 1
3147 2628 26
3046 5946 1
4149 4164 1
2572 2573 3
3095 3100 24
3658 6407 24
882 4594 1
2246 5331 13
620 492 1
1515 2311 21
4113 4067 25
37 468 1
1846 5157 3
2303 5379 4
1436 4870 8
2864 5841 5
1751 5096 1
560 4459 17
3487 6358 4
3948 6559 10
2612 5674 1
2998 3100 24
1948 5199 3
4139 6586 4
2578 5626 0
3075 5965 1
2516 2942 13
2828 5818 10
1500 4794 1
822 911 2
2741 5756 26
3841 3824 26
2387 5460 4
3373 6249 1
1424 4911 1
2592 5652 26
2506 5579 4
2566 5561 10
1424 4926 1
3927 3912 10
4093 4117 6
613 4494 17
1855 5160 10
3029 5745 3
2986 5909 23
1185 1176 4
1142 4700 4
2271 4956 1
2970 5897 1
3660 6336 4
3512 6367 4
2274 5354 13
2178 4859 4
2502 5575 4
2203 5320 12
185 188 18
2429 5502 22
2062 1761 23
2239 5329 13
3380 6252 6
1369 4841 1
576 4439 2
2053 2084 0
868 845 1
3839 6532 1
3243 3190 4
3597 3508 0
597 4489 10
1771 5113 4
3083 5969 4
977 4622 1
341 391 4
3839 3466 5
1424 4880 1
297 4336 10
1334 1213 29
2718 2675 4
2511 5412 1
3861 3892 4
498 4403 4
1075 4678 1
2537 5579 24
2200 5317 4
2294 5363 13
3485 3694 1
815 4575 6
663 1346 4
3033 5936 5
726 4541 0
3087 5971 8
3525 3517 4
622 4501 4
2268 5353 4
1996 5229 4
3297 6179 0
1832 811 4
1835 1365 14
3626 6436 6
1564 4999 1
1908 5179 6
1226 4752 4
2429 5506 22
1559 2631 18
1356 4822 24
2807 5442 25
2777 3042 10
1157 1156 6
3567 6411 4
770 4563 10
910 4597 10
1459 1458 1
4112 4111 6
3250 6135 0
2283 2334 13
2754 5779 1
3297 6182 1
2378 2153 4
2586 5639 4
1556 4997 1
3147 2750 26
2542 5602 1
3021 5924 22
1016 1002 4
469 498 2
2351 5150 10
3974 3973 8
3473 6341 26
3548 3792 5
2984 5906 4
238 192 0
2498 2409 22
1693 1699 1
268 779 2
3147 2915 26
2852 5835 4
2845 5831 4
1082 4684 10
3898 3933 26
1763 5104 0
1707 5079 6
2394 2615 13
2718 2681 9
1369 4840 1
1996 5233 4
4023 4022 6
634 4503 4
4142 4103 26
890 361 4
271 417 1
2949 2938 9
1368 4830 4
1813 5143 4
3191 3243 1
1424 4901 1
3066 3072 3
987 807 23
964 4424 4
787 788 3
488 138 4
3362 6245 4
3051 3027 4
1874 1837 6
4192 4102 25
1988 4797 0
4144 4185 26
947 1053 3
1982 5220 5
1929 1462 23
109 139 3
3839 3546 1
1456 1454 4
2259 5343 6
2062 1968 23
2498 2416 22
808 682 4
2960 5891 4
3077 5966 18
2922 5872 3
1261 4765 23
3327 6208 4
1302 4793 1
1820 5006 1
1362 1487 3
1529 4986 21
320 358 2
3050 3042 1
1661 5047 1
2497 2465 22
385 4363 13
3743 3703 1
6 4229 2
2337 5256 8
1065 4670 4
384 767 2
1627 1549 4
2571 5622 5
3073 5962 8
2310 5383 1
2258 5339 4
3611 3615 5
1636 1651 13
3220 6089 4
1378 683 15
3665 3668 4
2429 5504 22
3965 6568 1
1142 4716 4
2615 5678 9
1649 1796 3
492 4396 4
2075 5273 4
4088 4090 3
1806 1769 23
1776 5120 10
3250 6129 0
99 4282 4
1631 5014 1
3974 3969 4
3250 6125 0
2962 5894 10
1051 955 4
119 84 10
534 1214 1
590 561 23
401 344 1
18 4234 4
1960 1730 1
923 951 20
1272 1270 0
2997 1293 1
1788 5135 4
3147 2551 26
1448 685 6
2290 5359 1
2578 5632 1
1760 4629 13
3804 6509 4
612 4424 2
2585 5635 8
1078 4679 3
207 559 1
3100 5990 26
2741 5771 1
3014 5918 4
2594 5662 1
1811 2176 10
2594 5660 10
2460 464 15
2553 5607 4
3700 6474 4
725 4539 8
3357 6239 1
890 231 1
615 4497 11
3171 2928 26
2858 5839 4
1829 5145 4
1753 1749 3
992 4625 23
3288 6173 1
3225 3383 24
772 713 6
1586 4363 1
1424 4889 1
2301 5367 22
3147 2599 4
2085 5277 23
2724 5744 9
4210 4078 0
2659 5713 23
1390 4822 20
1070 4672 4
2669 5717 10
1753 2244 22
1036 1039 4
1177 1089 4
495 4400 8
2742 5773 4
857 844 1
824 4577 1
2087 2248 3
1801 5141 23
2674 3100 24
355 4358 2
554 4381 30
18 5 1
3100 3012 26
158 178 1
4143 4194 3
1629 848 1
3178 6060 3
2741 5764 4
2967 2907 3
1405 4858 0
477 352 4
497 610 1
1335 4813 0
727 4543 1
285 4332 16
2348 5400 12
1534 4987 4
392 595 3
2499 2469 22
766 865 18
1868 5167 23
1902 1939 13
3448 3447 26
2593 5654 1
1759 5103 12
2800 5801 23
3491 3484 26
1075 4676 1
1184 4737 15
1233 4754 1
3036 3009 1
2810 2808 4
3006 5917 4
3784 6501 10
1668 5053 13
3391 6275 1
1309 4778 4
190 4310 4
52 1431 3
583 4484 1
1415 4870 8
2279 5357 4
2114 1496 21
3906 3909 4
3987 3990 26
3882 6545 0
662 1040 4
1947 5198 12
1424 4890 1
2876 2877 4
3663 6462 1
2137 5299 1
3474 6343 4
337 4349 4
2144 2145 4
1797 5140 1
3818 6520 1
2564 5616 4
1782 5129 22
2090 5267 4
1029 4649 1
2400 5468 23
3664 3643 1
3102 6003 1
3231 6096 10
2026 5247 4
3349 6230 4
497 600 1
312 4341 1
1843 1849 1
938 4610 4
3601 6430 1
3250 6113 0
4054 4006 6
2030 5250 3
3620 3619 5
3983 6571 1
1803 1729 5
996 4628 1
3384 6267 4
2264 2269 4
3566 3560 1
2653 5570 4
3274 5094 4
916 4602 4
2770 2694 1
1506 4688 15
560 4450 17
1493 4968 0
3200 6078 9
1129 4705 0
4036 4064 1
1268 1202 4
2800 5803 23
2287 5311 4
3839 3714 5
4086 4046 4
984 1169 4
3100 5988 26
74 4265 20
2606 5673 1
2569 2504 4
1389 4851 4
2429 5529 1
3487 6357 10
130 361 3
570 559 4
2534 5594 11
1669 5054 8
661 651 23
3823 6523 1
566 4471 17
973 4621 1
3592 3585 8
3893 3874 24
792 793 5
560 4465 17
26 19 6
3751 6488 1
195 321 1
1510 4978 1
84 4277 0
2251 5336 1
1311 4802 2
285 4333 16
2429 5515 3
3100 5989 26
2753 5777 4
3378 6250 1
3250 6136 0
3490 6361 24
2378 2470 0
650 4513 1
1013 4644 17
164 4300 23
2899 5861 1
1735 1679 23
2788 5800 11
1420 4871 23
3252 6139 8
2794 3007 1
1450 563 4
1821 1703 10
680 4525 1
3100 2977 26
3539 6387 8
2306 5380 4
4081 4104 6
625 1018 6
3998 3989 26
2245 2246 1
1996 5231 4
1409 4860 5
471 4384 15
1424 4878 1
2198 4797 13
3628 3576 4
1424 4925 1
3544 6402 1
3756 3684 1
1855 5163 4
2819 5812 4
2027 5249 1
1974 5212 1
786 4568 1
3537 3570 24
1614 1616 1
3258 6143 9
3810 3817 0
2021 2009 1
2525 3402 0
3195 6070 26
293 290 8
4080 4044 6
1705 5077 3
3233 6097 1
1706 5078 10
2605 5667 4
1199 4744 1
2259 5345 4
3551 5457 4
2499 2473 22
2741 5760 4
3887 6548 4
3250 6133 0
3483 6353 4
2916 5867 1
2849 5832 0
3591 6423 8
1272 4770 0
1129 2296 1
2503 5576 4
69 4261 1
2255 2166 1
1692 2059 4
520 580 4
3375 2429 4
3341 6216 4
353 4355 1
47 4247 4
2841 5825 8
1121 4697 1
3544 6395 5
2593 5656 1
3630 6438 6
1396 2281 13
3100 2893 26
379 831 1
472 614 1
20 4235 1
3318 6199 3
4155 4204 6
3317 6193 26
2427 5491 8
1127 1215 26
2741 5349 0
2623 5065 10
1695 5069 0
2312 5365 0
365 372 4
2440 5548 23
4162 4161 26
2355 5403 4
2339 2307 6
1763 5109 4
522 4413 2
992 659 23
1404 4855 1
1368 4829 4
3481 6351 26
3312 6191 10
3235 6099 3
3549 6404 1
436 433 22
2313 2350 12
2032 5251 9
2762 5786 10
4177 4179 1
2220 2156 10
800 1342 10
1786 5133 1
3985 6572 4
2006 5238 1
287 4334 19
2007 5240 4
1855 4766 26
3329 6209 9
1008 1000 17
3165 6054 1
4204 4212 26
2885 5854 6
2334 2282 23
461 496 2
1031 4653 4
188 181 25
3402 6286 4
2133 5296 4
1687 5061 1
938 887 23
3587 6420 26
261 265 27
1357 4823 4
2176 1757 0
2726 2827 8
4132 4219 3
2349 4723 4
1192 997 23
2419 5478 3
1030 4652 10
2841 5826 8
971 876 4
84 4270 0
265 261 28
3250 6132 0
230 4319 15
2121 1449 4
3249 6109 8
514 279 6
3949 6560 10
1910 5181 1
2238 5328 1
23 313 11
1643 4588 4
63 73 1
488 4390 4
3172 3100 24
1586 5012 4
1548 4990 1
1457 1929 4
2052 5258 6
2569 5618 23
3712 6477 10
3657 3705 0
3502 3496 6
3588 6421 4
643 4286 1
3367 6248 8
4009 4060 6
571 516 4
3319 3402 4
2355 5402 21
849 4584 11
1051 4662 6
2048 5242 3
1418 1467 4
3199 6078 9
4028 6576 1
2119 1739 25
653 335 15
746 4551 17
1984 5221 1
3250 6114 0
2255 5337 4
666 4518 1
1196 1163 0
2429 5514 3
2429 5513 3
1711 5080 13
1943 5197 4
84 81 5
1453 4947 1
1051 4664 4
2429 5520 3
855 833 6
1409 4864 4
728 762 2
2741 5766 1
3361 6242 26
3429 6308 1
2556 5612 1
1736 1737 1
3460 6332 1
1917 2084 13
3995 3996 5
1604 1601 3
2641 5706 1
1026 3363 13
3344 6220 4
3250 6134 0
211 4315 13
2680 5721 5
2125 5235 13
3753 3640 1
2585 1828 6
2586 5641 4
3348 6228 10
3100 5994 26
675 4523 10
905 4596 1
3317 6196 1
4120 4123 24
2257 5338 1
1307 4797 13
1197 1855 1
1783 3090 5
2593 5655 1
3336 6210 1
1734 5086 10
278 4328 4
3805 6513 4
3317 6194 26
1851 1990 10
1952 5201 13
1159 4724 1
2455 2518 4
917 880 22
1118 4696 15
1763 5110 4
1515 4981 4
3388 3386 4
3541 6388 4
8 3 6
76 1171 13
1602 5005 3
3127 6023 1
1424 4931 1
3421 6299 1
512 4408 1
3353 6235 4
3398 6282 10
1788 5134 13
2754 5778 4
416 4374 1
1130 671 5
2231 4544 1
160 272 3
821 4576 4
2755 5781 4
958 1116 21
2645 3147 4
3383 6258 26
3240 6101 8
2176 1900 0
3770 6494 4
1307 4798 15
3748 3709 4
382 415 13
1053 637 1
2378 5434 0
1614 5024 17
696 679 29
3263 6148 12
1314 908 4
1756 1669 0
4200 3795 1
3195 6075 4
3100 2802 26
3250 6121 0
381 4367 1
519 2270 22
2763 5740 1
726 4542 0
102 4284 4
1865 5165 13
1041 1680 13
4141 4091 5
1426 4940 4
2169 5309 1
875 4590 23
2691 5726 3
3053 3065 1
2421 5486 1
2085 5280 4
3445 6319 4
1557 2202 4
1671 5056 25
1366 4826 4
303 302 1
1659 2085 10
3383 6261 26
3181 6062 6
3180 3333 3
3538 6385 1
2354 5268 1
4068 4031 1
609 606 22
698 4528 15
3235 6100 1
3491 6362 26
3553 6407 1
2429 5532 1
500 4405 4
2480 5567 6
1013 4638 17
622 4502 4
3187 6065 8
3250 6126 0
1652 5023 8
3097 5981 4
3851 6538 8
4128 4160 4
456 508 1
1393 1385 4
3100 5991 26
992 960 15
225 665 2
2317 2318 18
1424 4897 1
1443 1383 21
2100 5282 3
2542 5601 4
1635 1538 3
2301 5376 1
904 903 22
2820 5813 6
2210 5323 22
1612 4525 3
2039 5255 13
2435 5543 6
2302 5377 9
560 4447 17
3216 6087 4
517 4411 8
950 897 15
2646 5707 10
2654 5711 8
1803 5035 4
2123 5290 23
1774 5118 6
574 4477 1
3660 6454 4
746 4549 17
40 4244 0
167 380 4
3383 6260 26
2035 2004 0
3100 5997 26
1105 4689 4
2373 2912 3
1589 1656 21
2419 5482 1
147 439 1
1369 4831 4
3595 4021 4
150 4297 1
1274 4777 1
1642 4651 4
2684 5723 4
2499 2468 22
1478 4958 13
132 4289 1
1763 5107 0
3521 3555 4
3270 6155 6
987 4624 1
3961 6567 1
3448 6321 1
221 4283 27
50 4251 19
938 4612 1
1359 1358 22
2920 5870 6
4022 6575 1
2444 2429 21
3968 3897 26
2005 4797 13
1107 4691 6
1205 4404 14
421 399 21
3127 6024 1
3114 6008 1
1650 5039 1
878 4592 1
3311 5886 4
1979 5214 0
2342 5394 4
1735 5089 4
1069 4671 4
284 4329 15
3696 6473 1
2708 5733 10
1424 4902 1
898 1506 2
1455 1460 1
451 4380 8
1314 4807 4
3660 6459 4
3416 6168 1
3035 5938 9
2191 5313 1
3227 6094 1
3317 6197 1
4163 4170 6
2578 5629 1
3805 6512 10
1198 4743 6
3274 6158 1
1834 4694 1
2982 5905 4
594 4486 4
1779 5124 13
2448 3236 4
1566 5002 21
2849 5834 1
84 4273 0
3551 6405 8
2986 5911 4
2419 5484 1
1248 4758 1
2569 5619 25
3052 5949 4
2152 5303 8
528 4416 1
1485 4962 1
2973 154 4
2235 2266 13
2605 5670 4
1281 4779 8
1570 1539 10
1369 4833 4
824 4578 1
2718 5739 1
2594 5658 8
1890 5177 9
3780 6500 8
4200 4217 3
1013 1275 17
1129 4709 1
31 4238 2
1400 4854 4
3037 5939 4
3666 6463 1
3622 3528 1
1162 1929 13
2470 5562 4
928 943 12
1435 1424 4
3656 3614 5
2613 5675 10
2211 2262 13
2426 5490 3
3259 6143 9
1347 4816 1
1424 4913 1
3100 2964 26
2872 3090 1
2682 5722 8
560 4435 17
1630 2356 1
918 4603 1
4158 4121 26
1424 4923 1
4150 6589 3
1593 1495 23
2579 4877 1
2227 5327 23
1319 1145 4
3364 6125 13
1784 5131 1
2534 5593 1
2005 5236 1
1872 1765 0
4151 3628 1
1880 1859 10
2556 5610 4
4122 4140 8
595 4487 1
2115 5235 13
2065 5266 6
321 4342 23
3100 2999 26
3355 6226 10
2598 5665 4
3091 5976 4
1727 1728 3
3016 5921 4
78 84 10
1511 4979 3
1281 4781 12
3723 6484 4
1607 5022 6
550 592 9
3119 6013 1
2391 5462 4
2089 5281 4
3388 6271 1
3527 6373 1
1904 4424 0
3429 6307 4
560 4343 17
922 4604 4
658 4516 25
3002 5916 10
1284 4784 1
3486 6355 26
3250 6119 0
3194 6067 26
2327 2136 1
1424 4888 1
698 4529 4
1996 5226 4
3519 6369 4
1506 1189 4
1424 4894 1
2122 5287 22
2965 5895 23
3792 3724 5
3100 5998 4
2741 5759 4
2259 5342 26
938 4611 1
2741 5761 4
2292 5361 13
678 4524 1
3613 6434 3
3266 6151 4
3660 6457 4
2981 3100 24
3220 6090 4
2112 4381 1
1080 1329 1
1444 4945 9
2830 1957 3
2429 5531 1
3089 5972 23
835 919 2
560 4445 17
2248 5332 26
3320 6200 1
3764 6493 1
1831 5149 4
14 18 3
3359 6240 3
3322 6203 1
3464 6335 1
1771 5115 4
3727 3752 4
1040 4654 10
2960 5890 6
1232 4753 6
3262 6147 10
3449 3481 24
2429 5494 8
1309 4799 4
2429 5521 26
2372 5421 4
2429 5509 22
568 4475 25
1369 4838 1
1868 5168 6
2360 2359 14
2402 5470 1
1977 5216 13
3538 6383 6
3405 6289 4
768 4562 17
2041 5256 1
1665 5049 6
3262 6146 10
1075 4675 19
3286 6171 4
3272 6157 8
1779 5126 1
3721 6483 4
1586 5013 4
2531 5588 4
1847 1808 4
70 4264 17
2924 5874 10
1498 4970 4
1587 5014 1
2800 5802 23
2496 2472 22
3522 6370 5
2591 5649 1
2361 5406 4
2867 5833 10
3344 6224 1
2429 3408 3
2297 5365 0
2127 5294 6
1 4228 1
310 4339 4
13 141 1
2902 5864 4
2976 5903 4
2621 5687 4
1424 4883 1
3679 6467 3
2917 3100 24
1699 1582 23
3448 4220 26
1695 5068 0
229 4318 3
169 4306 13
650 4512 10
1079 4681 23
3634 6442 5
4099 4106 3
1424 4906 1
2741 5770 1
3646 3668 4
1578 4999 1
2240 2134 25
1781 5128 8
494 4399 4
1641 5033 8
3497 3492 8
1880 1824 1
1924 5186 4
3266 6150 5
2856 5837 1
2689 2664 4
1907 1893 23
1183 4736 1
2931 2558 4
1311 4801 3
498 4401 4
1913 4495 21
2676 5720 4
2784 5797 6
2511 5580 4
2480 5554 23
3650 6448 8
3751 6487 1
1957 5206 12
416 4373 1
560 4431 17
3033 5533 4
4168 3944 0
560 4451 17
1855 5162 4
3195 6069 26
3119 6014 1
3147 6042 1
1387 4671 3
985 4623 4
3322 6204 1
3517 6368 4
3720 6481 1
3290 6177 4
4061 4058 24
373 4365 1
3139 3434 10
545 667 4
1886 5176 13
932 4607 13
583 4483 15
3058 5954 8
3857 6540 4
1414 1424 4
3124 6021 26
2429 5537 1
2357 5123 1
3393 6277 6
2837 5821 4
560 4456 17
3017 5922 6
482 487 3
2631 5695 1
3536 6381 5
560 4442 17
3940 6557 1
458 121 6
3574 6415 1
2191 5312 0
2987 2988 1
1460 4948 1
1487 4963 4
802 857 4
2415 5477 9
343 1955 13
1847 5158 23
3208 6081 12
2057 5261 6
4190 6595 24
2741 5765 1
3149 6044 13
483 4381 1
2579 5633 1
2974 5901 4
1017 1970 4
3089 5974 4
4215 6599 6
2123 5293 1
4027 4024 6
3711 6476 1
3014 5919 1
1369 4832 4
1560 1276 4
758 4555 1
1961 4688 4
1047 4656 1
2994 3100 24
1910 5180 6
3271 6156 6
1598 5020 4
2505 5578 8
450 4379 11
890 370 1
3503 6364 26
488 4392 1
3179 6061 6
223 266 2
3198 6079 6
3252 6140 1
2975 5902 4
2924 5878 6
1424 4927 1
1965 1957 21
2843 5829 26
448 395 1
1802 1685 23
1424 4885 1
1272 4769 0
117 4286 4
3529 6375 5
2301 5374 4
2378 5438 0
2249 5334 4
2639 2785 1
2586 5636 4
3149 6045 4
3123 6020 1
2654 5712 8
881 4593 1
849 760 1
488 4393 1
1840 5154 10
3261 6145 4
1682 5060 6
2248 5333 1
1938 5193 6
2668 5716 1
3135 6033 6
2413 5475 6
1845 5156 1
1953 5202 4
1885 1900 3
4007 4043 18
2972 5900 1
2748 5775 14
2456 5560 1
4200 4199 26
2401 5469 3
2871 5845 1
3331 3334 13
3283 6165 1
2972 5899 4
3195 6076 1
1013 4641 17
1683 5062 1
3276 6161 1
2989 5912 4
1272 4775 1
1717 5082 4
1350 1619 1
2591 5647 4
1282 4783 4
2910 3100 24
1929 1054 23
955 4618 1
1581 5010 1
560 4466 17
1641 5032 8
84 4275 0
354 4357 4
2717 5738 4
1038 4522 13
3232 3213 6
767 4561 1
47 4248 1
794 4572 1
2878 5851 3
560 4432 17
3641 6446 1
1850 5159 1
3794 3796 0
3363 5718 20
194 4312 1
331 4348 9
308 306 1
1012 4636 13
992 4627 1
4050 4064 4
2544 5604 4
2443 5551 4
3428 6306 1
1013 4640 17
626 4401 15
942 921 15
3383 6262 4
3003 3005 1
2144 5301 4
3632 6441 1
1621 5026 9
1167 4727 24
3325 6207 23
1369 4836 1
1424 4873 4
2576 5625 4
316 328 8
3280 5937 4
1647 5037 18
3241 6102 1
2614 5677 4
1110 1184 13
1974 5213 1
1424 4916 1
1930 5191 4
3932 6553 6
3385 3321 0
2064 5265 4
1424 4891 1
3651 6450 5
2364 5415 4
1480 1476 21
1420 4872 1
2908 5866 1
761 4556 2
484 2288 1
3267 6078 9
3538 6384 4
1272 4768 0
1051 4665 4
2301 5373 4
3351 6233 12
3027 5932 1
847 4517 15
3081 5968 1
3021 5926 6
3297 6180 0
734 4545 15
1126 4701 4
3438 6317 4
3395 6280 4
84 4279 0
1664 5048 1
3604 3662 8
3328 3351 4
1855 1072 4
1554 4995 4
2724 5743 6
3690 6466 1
2556 5611 1
3128 6029 1
3065 5958 1
1758 4960 13
2429 5530 1
2446 5552 6
3341 6217 1
2280 4670 1
3100 5986 26
1184 4726 1
2904 5865 1
3847 6535 10
1424 4907 1
2058 5262 0
1759 5101 4
3079 5679 21
1831 5148 4
3477 6344 4
2293 5362 23
1424 4886 1
3563 6410 1
525 4414 13
3886 6547 1
2648 5708 1
3694 6471 1
2203 5319 12
2450 5556 1
4002 3991 1
3962 6568 1
1316 4808 2
2243 5330 1
3992 6321 4
2335 4629 6
1873 5170 1
2741 5364 1
1204 4739 13
258 366 4
541 132 14
1405 4857 0
2408 5473 4
746 4548 8
2708 5734 10
1148 4718 4
3916 6550 1
358 4360 4
3383 6254 26
877 4592 1
2782 5793 4
1929 1932 6
1288 4785 4
2501 5573 1
2757 5782 10
1641 5034 4
4173 6591 4
829 4581 1
3680 3653 1
2025 5244 13
1290 1339 11
2613 5676 1
723 4538 29
2570 5621 1
3716 3554 4
2389 5461 24
2413 5476 26
3424 6300 6
2782 5794 9
4182 6593 10
964 4619 1
1306 4797 5
2120 5286 12
3039 5942 1
2943 3147 24
1292 4787 24
3089 5973 6
1673 5057 13
3283 6167 1
1424 4932 1
2760 5785 4
1424 4879 1
2586 5642 4
225 4317 15
1307 1297 4
3091 5977 4
2599 5666 6
2295 5364 1
1282 4782 4
2259 5341 3
3100 5996 26
2334 5390 23
3210 6083 4
737 4546 9
2574 2740 3
560 4443 17
136 4292 12
2927 5881 1
2589 3212 1
513 514 2
560 4457 17
1400 4853 8
2535 5595 1
2635 5700 1
1434 4944 8
2751 2611 3
560 4433 17
3383 6256 26
693 633 4
3398 6283 4
2346 5396 8
1654 1742 13
2378 5433 0
3426 6304 3
306 307 4
1186 4741 5
3428 6305 8
604 602 9
1876 5171 4
4096 6583 1
2779 5792 10
251 252 4
2863 5840 4
2741 5753 22
3127 6022 1
3570 6413 4
3674 3675 0
1751 5097 1
3491 6363 10
1734 5087 1
1010 4633 13
2352 5401 6
1424 4884 1
1413 4869 1
2695 5727 10
1551 4992 1
1661 5046 4
288 4335 5
34 4239 1
1424 4895 1
84 4269 0
1474 4956 13
3193 6066 26
3599 6427 5
603 1782 1
230 4320 1
3344 6222 9
3538 6382 6
3365 6247 4
146 4294 4
1032 4428 4
2590 5645 23
875 4591 1
3776 6496 4
3394 6279 1
3753 6489 8
2622 5689 1
2015 5244 13
1465 4951 2
2786 5798 4
1013 4639 17
1424 4899 1
3350 6231 8
2741 5757 26
4135 4197 18
3086 2834 1
3153 6047 10
3488 6360 4
3949 6561 4
3330 6210 1
3481 6350 26
1366 4827 1
1656 5041 4
2007 36 1
3434 6082 0
2197 5315 4
1424 4929 1
3579 6416 4
557 4427 1
705 4236 3
3427 6191 24
2356 5404 1
312 4340 19
1667 5052 25
1252 4762 9
166 4303 23
1985 5222 1
2434 5542 0
1095 995 4
801 856 4
3250 6112 0
3063 5955 23
351 4353 0
3698 6331 4
2435 5544 1
2034 5252 8
2924 5877 10
1881 1859 10
3834 6528 1
3580 6417 1
2695 5728 6
3250 6128 0
2054 5259 3
2538 5579 24
1425 4938 8
3154 3383 24
3147 6041 1
1628 5029 0
2499 2487 22
1174 4729 1
1125 4671 3
2741 5754 0
2429 5496 22
323 4343 1
2898 5859 4
1424 4935 1
2429 5526 4
3164 6053 1
3100 2911 26
1942 5194 0
3779 6498 10
707 4533 4
1315 1317 4
1424 4905 1
1369 4837 1
3547 6403 4
539 4422 15
560 4468 17
2800 5804 23
1610 5023 8
3020 5839 4
4072 6581 1
3250 6120 0
1079 4680 8
2300 5364 13
3147 6040 26
656 4515 1
510 4407 4
2085 5279 4
176 4309 10
3779 6499 4
3617 6435 4
3337 6213 4
1470 4954 6
3091 5975 23
400 4370 6
53 4252 17
3222 6092 4
360 4362 15
2725 3738 4
3448 6320 1
3338 6214 1
1925 5187 8
1084 4686 15
536 4420 3
1051 4663 4
3960 6564 24
2224 5326 1
3147 2720 1
1633 5014 1
2441 5550 3
2856 5836 4
2105 5285 3
2266 5352 4
3543 6390 4
2259 5346 1
2208 5322 1
509 4381 2
2323 5386 3
3333 6211 1
4018 6547 3
1588 5015 13
2850 5832 6
3601 6431 1
3441 6318 4
3569 6412 1
3100 5995 26
2011 5243 1
2702 5729 4
2592 5650 26
2578 5628 1
2657 3261 1
3505 6365 1
2476 5563 3
2733 5746 4
3250 6110 0
2578 5630 1
113 112 6
3081 5967 10
2961 5893 6
3593 6424 1
1183 4731 6
3100 5992 26
2807 5437 1
789 4569 26
44 4229 13
560 4470 1
84 4278 0
1299 4788 3
2334 5389 23
851 4553 31
488 1191 4
1767 4363 21
531 4417 1
2360 5405 5
1206 4750 4
3363 6246 4
2429 5528 1
3707 6475 1
2384 5457 21
3361 6244 4
2068 5270 4
70 4262 17
3250 6127 0
1590 4671 3
3385 6269 4
1579 5007 4
2214 2212 3
1200 4747 1
515 4409 23
2308 5382 13
3926 6551 5
1424 4904 1
3253 6141 1
3424 6301 4
2378 5445 26
1424 4898 1
3185 3346 4
2741 5762 4
1424 4882 1
1998 5034 1
2374 5422 8
4039 6577 1
640 4506 6
1248 4757 15
3037 5940 1
2378 5435 0
3538 6386 1
3434 6315 3
2126 5242 3
1424 4910 1
1575 5005 29
3458 6330 1
3388 6270 6
3544 6396 5
3195 6072 26
165 4302 4
1645 5036 4
519 4412 22
3753 6490 8
2869 5844 6
2429 5517 3
2429 5497 22
1505 4974 4
906 4578 1
915 4601 1
1001 4629 1
3298 6185 1
2154 5304 18
3775 6495 5
1562 1592 1
518 4283 14
2729 5745 4
2259 5340 3
459 4383 10
3384 6265 8
3056 5952 10
1750 5094 1
3206 6080 4
2741 2699 0
2713 5736 13
2122 5288 22
2882 5852 9
2492 5571 23
3678 6444 1
1301 4790 10
2588 5644 10
3260 6144 1
671 4520 0
2419 5479 6
2429 3197 22
2986 5910 4
2428 5492 4
3268 6154 1
2429 5525 4
1830 5146 23
154 4299 1
956 1043 2
2771 5790 6
2279 5356 10
435 4377 23
3084 5970 4
3195 6068 26
2842 5828 1
3042 5944 11
3601 6429 4
3152 3146 4
3553 6406 4
3078 5935 13
3282 6164 24
143 4241 3
3419 6297 4
926 4605 22
2378 5429 0
499 4404 1
1771 5117 4
1424 4874 1
3345 6225 4
555 4426 10
2230 4544 1
753 4554 1
3978 6569 1
3148 6043 3
1272 4772 0
3247 6108 26
2422 5487 4
3123 6018 6
3676 6374 6
2586 5638 4
9 4230 7
612 4492 4
2515 5583 1
2012 4542 0
2571 5623 4
2515 5582 1
2378 5452 4
1616 5025 4
401 4371 6
2429 5518 3
775 4566 24
1203 4749 1
2321 5385 6
2301 5375 1
1049 4660 1
2707 5732 23
391 4369 15
2364 5411 4
2378 5432 0
1996 5232 4
560 4436 17
133 4290 1
1373 4845 1
1927 5188 4
2938 5885 23
1771 5114 4
57 4257 17
2877 5850 1
3476 5844 6
3452 6324 8
428 4376 10
2984 5907 1
560 4452 17
2742 5772 23
484 4388 1
1049 4658 1
2217 4802 1
3662 6461 4
560 4441 17
2328 5307 13
3001 5012 4
3939 6556 13
4042 6578 0
1011 4634 16
3464 6334 4
2480 5566 8
175 4308 18
4144 6587 1
1840 5151 23
560 4462 17
2440 5549 4
1577 5006 4
949 4615 13
2857 5838 3
2618 5682 1
2503 5577 4
3231 6095 18
3170 6057 6
